48
1000
0 1053.93739 527.18308 19.58156
12.20322 1052.51141 527.27185 19.53965
21.13781 1057.03209 530.71593 24.49289
33.09339 1058.78090 526.87818 21.70997
47.59236 1056.99405 527.56807 19.16366
60.15114 1056.19604 524.37388 21.77683
69.25879 1055.89021 524.25693 20.91254
78.81679 1057.98570 527.15036 15.43575
86.84748 1053.95144 531.68748 22.57476
95.29839 1056.71945 527.45502 18.45933
107.46866 1058.66239 531.25871 15.26699
117.22000 1055.78362 530.11834 19.25909
125.96640 1053.74546 528.76251 18.59600
133.81699 1057.56646 531.54378 16.66374
145.37199 1054.54192 527.91969 22.99320
158.31853 1058.23091 528.75217 24.39201
169.22704 1057.22063 525.84269 25.37444
179.66192 1060.34380 529.07730 21.77998
189.77577 1056.67096 528.82333 21.29993
198.00850 1059.78178 527.62724 19.43029
211.67746 1056.96120 531.06967 18.11531
221.75276 1058.36231 528.94304 20.26902
229.65049 1056.57760 526.78273 14.61281
241.04629 1056.92101 530.17428 22.91283
251.18634 1059.23967 525.51514 19.44506
260.30303 1053.95518 527.65411 20.07033
269.34183 1056.16137 532.25803 23.86838
281.26264 1056.70054 528.08725 17.67922
293.18191 1052.70843 529.85138 21.94881
304.65095 1055.71669 523.66899 18.93930
316.11655 1056.57767 523.42196 23.77991
329.05839 1054.91170 526.77471 22.62744
338.66840 1059.55950 530.84683 17.61325
352.25373 1055.73332 529.67494 22.50209
363.96743 1055.04263 530.98439 18.08266
374.83772 1055.01684 527.75555 27.55137
386.00340 1057.05625 528.26082 15.16274
399.58636 1059.32021 526.50725 23.58397
409.17627 1059.45397 527.88224 21.25388
419.90761 1055.32147 530.73751 19.88429
432.17102 1053.99808 527.39102 19.56064
442.29977 1056.52804 527.14462 17.18103
452.85619 1056.05075 530.88749 18.27684
463.96954 1056.21178 525.29753 16.20535
474.29266 1055.76682 527.01113 22.16828
484.48762 1056.21467 528.46187 17.97903
496.56525 1053.87293 528.07444 20.63144
509.53379 1056.60668 528.41788 17.10816
518.32952 1056.26569 529.17918 18.43866
529.65264 1054.79463 528.61959 17.82137
541.50607 1056.15504 529.13700 19.17642
552.82440 1057.41476 528.96167 17.08054
565.22062 1053.23985 530.05600 20.00813
576.99616 1057.73395 526.95614 16.40630
586.77463 1055.20910 532.19138 21.29709
596.03208 1055.27207 525.87784 19.78043
604.96144 1055.79911 525.09975 22.22955
619.07869 1051.07915 528.83327 22.57617
630.35796 1055.98273 531.36391 18.71073
644.14351 1056.94123 532.79359 16.32158
659.05036 1054.46731 524.94056 17.34502
671.36899 1055.13697 530.73874 21.62718
683.17695 1058.49290 527.90547 19.38790
693.73253 1054.93248 527.08228 19.42254
703.02678 1056.13392 528.42831 16.08084
716.87176 1056.17766 529.79983 20.72289
725.96451 1058.30974 526.69992 17.16209
738.36783 1056.04621 525.77614 24.25958
750.70006 1053.29155 529.13442 19.88103
758.14887 1055.18583 523.88686 23.09363
768.68847 1058.44216 531.73617 30.07087
778.76192 1056.13691 531.28613 18.91775
793.30202 1057.56045 526.39418 18.32508
808.65747 1055.97417 527.72493 18.93711
817.64592 1053.02190 525.24334 23.50218
831.44850 1053.82983 529.14527 18.28832
844.09495 1054.55171 528.40151 16.86069
854.64736 1055.67077 524.83650 16.66377
864.99183 1058.38940 529.26539 21.54551
875.90505 1054.33923 528.43587 22.06789
887.19520 1055.88126 531.14022 17.66179
902.06030 1056.51966 527.84453 13.36916
912.12120 1054.35634 528.99203 23.31961
922.91657 1055.34579 529.46596 20.60633
933.38145 1060.14599 526.95784 18.66898
939.85304 1055.57489 528.03616 14.08834
952.00039 1055.60612 528.31265 19.75830
962.84699 1057.89491 528.57049 24.61726
974.93066 1056.95079 524.38894 22.80342
983.68155 1059.01418 526.53016 22.15911
992.98763 1058.54851 531.47878 20.13278
1001.32008 1055.15268 523.62513 19.44821
1011.84734 1056.29215 527.29206 28.08870
1022.57313 1053.79082 526.37674 20.60950
1030.70971 1051.50052 525.30773 16.86320
1042.71385 1053.68631 527.10932 27.89013
1057.18475 1057.93755 529.12782 24.98966
1068.40809 1055.75354 530.02217 20.75986
1079.56083 1051.97241 526.89581 19.88363
1092.84908 1050.07891 523.90833 17.70474
1100.28656 1055.26483 527.45390 18.34094
1111.50236 1054.55700 527.20769 17.58879
1120.08780 1056.27511 528.40948 15.74632
1132.80183 1059.21048 527.34367 12.93093
1142.87737 1053.14336 525.46374 22.33903
1154.48699 1054.14440 525.32603 15.46332
1166.82291 1054.38079 525.85353 25.26551
1177.83979 1055.94081 528.32991 21.42030
1187.00641 1056.20852 526.15237 19.96083
1195.44179 1053.34658 532.14736 21.37136
1205.66560 1057.66191 528.91650 18.37839
1215.85137 1057.14214 528.82371 17.72026
1227.42223 1059.42155 528.82028 21.72546
1239.03390 1053.01069 530.75714 20.70224
1250.66022 1056.83350 526.65823 19.38383
1258.68564 1057.42019 526.71845 16.28755
1270.26980 1058.67364 530.38156 16.60310
1279.57907 1053.11448 528.87394 16.31106
1288.10440 1057.53596 524.80365 22.36265
1298.46320 1055.61822 528.31192 17.04432
1309.83419 1060.63907 528.30345 21.40534
1321.40687 1055.89415 528.33091 22.65152
1331.25063 1056.25286 532.12863 18.74958
1342.37856 1058.48780 525.65629 18.91215
1353.49536 1054.67340 527.56360 13.03712
1362.51190 1055.55149 525.50824 19.35774
1374.55066 1054.65278 526.39694 12.22068
1386.25398 1052.16256 526.84821 15.53725
1397.71471 1055.16692 527.06274 16.06612
1413.40062 1051.16933 528.86872 17.04953
1422.80068 1054.76567 529.13235 17.89372
1433.84748 1056.82466 529.10655 23.30224
1440.41564 1055.85566 530.46657 22.81462
1454.69805 1056.02104 527.56726 18.87583
1467.41352 1057.43430 527.71890 16.35820
1480.93913 1054.31526 533.51625 17.27764
1496.95421 1054.34926 530.32108 22.41098
1508.22898 1056.61889 527.86228 18.36415
1518.38579 1055.29248 530.17247 21.03345
1530.49530 1052.00194 526.95739 22.33769
1542.14177 1054.73341 527.67943 19.18678
1550.99012 1058.55208 526.90379 18.62437
1560.46634 1055.93781 528.91740 17.86581
1569.41449 1053.23627 526.80541 18.26758
1582.49120 1057.77091 530.09984 23.79513
1592.37914 1054.12456 526.07736 20.68087
1604.57894 1056.53274 526.10553 19.81527
1618.30607 1057.37683 528.26137 19.80918
1630.04256 1057.45321 525.53434 21.74507
1643.41401 1056.40955 526.32085 20.78031
1652.16536 1055.51266 528.57888 24.29715
1666.18428 1056.84365 527.49342 18.62843
1676.04349 1055.97565 528.57094 16.97572
1687.54893 1054.95443 527.04461 19.39848
1699.76307 1056.09628 528.63320 21.40205
1711.20415 1059.02237 527.36635 23.53662
1720.46837 1057.20042 531.54694 21.86824
1735.30130 1059.12517 530.25350 20.72763
1745.72477 1051.44112 527.29310 23.89148
1755.47965 1055.15662 526.27335 23.45369
1768.60027 1057.80731 531.41136 20.34432
1781.51889 1055.15341 526.92333 14.88797
1789.88317 1057.53454 529.42794 23.88800
1800.14872 1054.65214 529.05338 21.34626
1812.53268 1057.30965 528.57237 17.80488
1824.61140 1056.76842 526.85689 21.38170
1833.91039 1058.47505 530.81914 17.26472
1843.91294 1054.09937 527.97694 17.42923
1857.01468 1052.25027 530.59668 16.42923
1868.80160 1053.35876 532.04811 22.96254
1884.93630 1057.72834 525.02793 21.35245
1896.57490 1054.60961 526.03651 19.30291
1903.60313 1055.58575 530.56108 17.77669
1915.45170 1057.37635 527.21526 16.96692
1928.58305 1056.78973 528.39504 21.28543
1935.53583 1056.97265 529.96221 15.14558
1946.82252 1056.81058 525.88694 18.64276
1959.80331 1056.11817 528.22100 22.52884
1967.31254 1055.38024 528.14290 16.63794
1975.39029 1054.17953 527.38628 20.83013
1984.85702 1055.65331 529.23044 22.17089
1998.33373 1058.16754 528.09984 17.73515
2008.75062 1055.66827 528.45011 19.34613
2021.34600 1056.73480 531.78685 20.00008
2031.40847 1056.25145 528.95925 20.15376
2040.96847 1053.31977 529.01749 18.65035
2052.94804 1052.95589 530.74351 17.90489
2062.34583 1054.49296 531.04924 22.69322
2077.16117 1052.00291 528.94597 19.69243
2088.26715 1058.74580 526.31338 18.13988
2099.25499 1057.90610 528.62642 18.35020
2111.14415 1058.57732 530.45868 12.29761
2124.71404 1054.88562 525.68290 14.31794
2136.63251 1058.02383 527.56803 20.48022
2149.55660 1056.45143 528.42350 20.20604
2156.03090 1054.48076 529.39541 20.43902
2168.79817 1056.13503 526.32740 19.48955
2179.86195 1055.13512 528.30088 18.33262
2192.56478 1055.85084 533.03803 21.42380
2202.42513 1055.26539 530.25967 21.35365
2213.64467 1055.35223 527.02399 21.76261
2224.81910 1055.41833 530.66407 20.93025
2236.06278 1056.33809 528.30843 15.72307
2248.04440 1054.45478 522.67917 18.17504
2260.46999 1055.13323 525.60211 15.44482
2270.28692 1056.49811 529.28708 16.97131
2280.69666 1055.02842 527.01549 20.66614
2289.28300 1054.61814 527.56849 20.33837
2302.01848 1056.88696 531.00561 20.44966
2314.17306 1057.05160 524.46966 24.07444
2325.72258 1056.92254 529.44672 19.25386
2335.38779 1054.98222 531.90269 15.36866
2346.74299 1050.95662 526.26844 18.67181
2360.07800 1056.16403 532.94645 21.46125
2368.56473 1055.81755 528.54511 22.76861
2381.96137 1054.67574 527.44307 21.02160
2389.59232 1057.14172 528.74220 20.73119
2402.49115 1060.24375 525.00471 13.63946
2414.28627 1058.05060 526.91427 26.82878
2426.97209 1055.11224 526.68360 16.69751
2435.25500 1057.46916 528.21596 21.16368
2443.99607 1054.28316 523.95147 19.36291
2458.30494 1054.74999 527.29975 15.74576
2464.39332 1057.34778 528.02099 17.28393
2473.92326 1055.91394 528.20788 19.85361
2485.17982 1054.95635 527.35919 17.27249
2496.89010 1055.69775 528.40536 17.59356
2507.59918 1052.56735 525.66942 23.53304
2518.33435 1053.99499 529.95369 16.64857
2535.76199 1060.21849 528.94708 18.86480
2544.09842 1055.44491 529.52242 21.35302
2551.69901 1055.78261 531.70426 15.85884
2563.92198 1051.72384 529.21201 20.39005
2576.67037 1053.67531 526.48298 22.87211
2587.03971 1057.20300 528.50187 18.38309
2597.17861 1054.49150 529.16764 23.17930
2608.63417 1056.61970 531.81925 25.98993
2619.98532 1052.65336 527.70450 24.24449
2630.47563 1054.44312 530.81339 21.29192
2639.77734 1051.70173 526.97805 20.26796
2650.40898 1053.84066 527.60243 24.38792
2661.74836 1055.82945 528.44578 19.99129
2673.41632 1055.18252 529.45271 23.18032
2688.39887 1055.05514 520.94453 23.21553
2701.14693 1055.66155 521.83650 17.83322
2712.23951 1055.95538 526.52301 18.89767
2728.10154 1056.17854 527.28297 21.77075
2737.04848 1055.02998 527.21983 20.02949
2746.81936 1053.48547 528.65736 18.36396
2757.52956 1056.58893 527.65281 15.80238
2768.68679 1054.49112 530.76348 24.92779
2777.50428 1055.29455 523.44279 23.24314
2785.55268 1055.42270 528.77196 20.52077
2797.07974 1055.87823 524.05465 20.47110
2810.67044 1054.87229 528.05284 21.85347
2817.48933 1058.13097 525.52680 19.54562
2828.32921 1055.60108 526.88798 20.04329
2839.38041 1057.18786 526.48582 18.28846
2850.44654 1057.88053 528.09350 19.15476
2860.97291 1061.87796 526.71241 19.67407
2869.27414 1055.16584 523.00119 15.63844
2877.00462 1058.11199 528.95397 25.14990
2887.99845 1055.77709 527.40057 20.87478
2901.98425 1056.34438 529.32990 15.34236
2915.56119 1053.62313 528.93092 19.30554
2929.33609 1058.45140 530.63864 24.96347
2940.32509 1056.06654 523.23355 22.43389
2951.19712 1056.48878 527.38312 15.17974
2956.93063 1055.13646 528.18232 16.42411
2966.95291 1056.79064 529.24745 21.30064
2979.65755 1053.03520 531.14964 22.29342
2994.29186 1054.18190 528.44210 19.84089
3011.30261 1057.33764 527.76907 18.83828
3022.38696 1057.44883 530.07904 19.84515
3033.65917 1056.64417 528.94495 21.02643
3043.86798 1057.95444 532.31174 20.57303
3056.43439 1054.63238 528.64451 20.62187
3066.39874 1056.89712 527.71894 16.77717
3077.88374 1056.52686 525.17808 17.83414
3089.81041 1055.71827 529.24085 17.31553
3106.65706 1053.85362 525.65748 19.32700
3119.20998 1055.37639 528.46204 16.49906
3128.02260 1058.04910 525.87788 20.88559
3139.77199 1054.62777 531.08911 17.53938
3147.77712 1057.31485 527.76770 18.46816
3159.37855 1057.13921 525.26232 17.51434
3171.04424 1057.85244 527.80825 17.14121
3178.29121 1055.31020 530.43070 13.27136
3189.11635 1056.49044 529.94521 15.26626
3204.15700 1056.92244 529.76457 19.44621
3218.54525 1056.76637 524.35332 19.90276
3228.90485 1054.38652 528.55969 17.28845
3243.01807 1052.65776 531.70377 19.90170
3252.96134 1056.78052 528.47619 21.18926
3261.56515 1055.09054 529.75320 19.22346
3274.20775 1057.51767 528.30493 18.02475
3285.92712 1053.65698 527.94631 16.37762
3295.72011 1056.13629 529.53513 24.47579
3305.69490 1055.12973 527.11475 22.62825
3316.46349 1055.36304 526.75791 20.02535
3327.61769 1055.76409 526.85261 19.53141
3342.28505 1055.10542 525.06679 19.18713
3351.65382 1053.31510 530.61523 23.96674
3365.50003 1055.70061 530.81880 16.05535
3376.18495 1058.99906 528.83999 21.15181
3388.07580 1055.63849 527.16097 24.46236
3399.29358 1059.49698 527.28380 18.65553
3411.78101 1055.65523 530.77890 20.48247
3425.73787 1053.83183 530.78470 23.03859
3434.39593 1051.45238 527.32367 26.83371
3445.25744 1054.99043 527.35921 20.87436
3455.66741 1050.96482 528.52530 17.74295
3466.37605 1052.90987 524.80399 19.86442
3479.23093 1057.69915 527.73006 17.84215
3488.67500 1057.35812 528.48198 21.29171
3499.97488 1056.55904 526.63399 21.65270
3510.23441 1052.42975 529.30995 16.10627
3520.22121 1055.56282 527.01802 18.04934
3530.79912 1057.67005 528.87354 19.18550
3539.65271 1057.79706 526.33293 25.02736
3551.22779 1057.39388 529.70794 22.14629
3563.22543 1058.06881 527.64593 16.09851
3573.23596 1058.46500 527.86626 23.65762
3583.21017 1055.07904 528.64162 17.83923
3592.98413 1055.06087 522.78623 18.09105
3603.31154 1058.11011 531.42723 23.39112
3613.53611 1057.73094 526.51391 19.42077
3622.48730 1056.41609 525.80274 23.02814
3633.92624 1056.42538 525.90580 22.17262
3650.26457 1054.99858 528.63929 20.60175
3663.43772 1053.06243 528.31758 23.22583
3673.96325 1057.00884 525.52708 24.72185
3686.69651 1053.23398 527.35132 20.50495
3698.48097 1052.48828 528.89431 21.41960
3709.87820 1056.99522 527.24694 16.83391
3721.71023 1048.75545 527.70293 19.50192
3730.80497 1056.06576 526.25827 15.86729
3740.83822 1058.03569 532.23230 19.57451
3750.81568 1056.59735 529.84220 23.14348
3763.09819 1054.93262 526.82111 21.83771
3774.21269 1057.09037 530.32457 15.17347
3783.67274 1054.85682 529.24952 23.16938
3794.88894 1055.02407 529.92935 19.07762
3804.08095 1057.35165 529.00401 20.62201
3816.25156 1051.26274 522.95221 21.51170
3829.31009 1056.41159 528.98767 23.42523
3840.80168 1053.81597 522.76054 21.89855
3852.56248 1056.30162 526.72712 17.63828
3863.67819 1055.57985 530.01572 19.74704
3875.25293 1058.13073 524.05719 23.53621
3889.18116 1055.64222 531.03518 19.87090
3900.25600 1054.66989 530.98313 18.68182
3911.17518 1053.37881 524.84389 19.13635
3921.67463 1055.12210 534.57708 21.91747
3935.74494 1057.82630 527.60584 16.79054
3948.59029 1054.57064 528.70933 17.83425
3961.13574 1056.06102 526.64262 20.11653
3972.45554 1055.83464 527.04114 20.80953
3982.98663 1056.22688 528.41259 18.30152
3996.20707 1054.42267 529.11405 22.30968
4007.85441 1057.08750 529.48172 22.82117
4019.72920 1054.76791 530.28685 16.70850
4028.38725 1055.39158 526.75469 17.22386
4041.47825 1051.56547 523.78161 19.19431
4051.54035 1053.53738 530.03166 17.46195
4062.58898 1055.10637 529.27990 14.17926
4072.56890 1055.57046 526.57426 21.65722
4079.27071 1053.97694 528.73225 20.17683
4090.07641 1053.83097 526.26202 22.89402
4102.35271 1052.27682 528.22499 16.60003
4112.56574 1053.38184 525.19003 23.43793
4125.37339 1056.77875 528.16186 24.96382
4136.27892 1056.65317 526.86594 19.38820
4145.35727 1056.55786 528.17370 21.34004
4153.31231 1055.11575 529.21201 23.50495
4159.30847 1055.16864 527.84468 14.23981
4168.83046 1056.32522 525.11001 18.29283
4180.79993 1057.10779 527.00141 20.94401
4190.69510 1057.39477 527.52273 19.94386
4204.01655 1055.92950 529.52474 21.25440
4216.16908 1051.38124 524.46237 24.33939
4228.51975 1054.19060 530.12676 20.62594
4237.39937 1054.89748 526.95856 22.58335
4250.17438 1054.41315 524.47869 18.73558
4258.89369 1053.32004 527.03470 13.05272
4269.80046 1053.65675 529.57124 19.42172
4281.75051 1063.64306 526.56810 20.91778
4291.67166 1055.11847 527.81863 18.26659
4299.67319 1057.96375 524.29252 22.02760
4312.13166 1057.10837 524.57055 17.35413
4322.24003 1056.06385 523.84743 21.87621
4330.36650 1057.43403 530.85922 18.74880
4341.67959 1055.71804 528.38302 18.87085
4350.08789 1055.63185 528.92107 24.08935
4361.61995 1056.05886 527.40063 22.23103
4374.00314 1056.82684 526.42505 17.08278
4384.04642 1054.82659 529.37244 19.55078
4395.55307 1056.80975 528.99213 16.69569
4411.17699 1056.62085 531.76289 17.66152
4424.36320 1057.85023 527.59164 18.52225
4435.00064 1053.05083 531.57775 23.37448
4443.40177 1053.15556 528.17708 18.99926
4458.35811 1054.37969 527.54264 23.45381
4471.84934 1055.55352 530.91191 24.80819
4482.15210 1057.52768 529.10625 16.52654
4494.42693 1059.56349 530.49732 21.36329
4507.43283 1058.14729 528.92608 20.41908
4521.50125 1054.40844 528.85435 18.94812
4535.33553 1056.75924 529.81099 22.00869
4547.15173 1056.49105 527.80162 16.44407
4558.55864 1054.73893 526.58951 22.33249
4570.84926 1053.57580 529.64581 24.76702
4579.72889 1053.64216 526.32419 23.69466
4588.57485 1060.61125 529.46956 17.84359
4597.88663 1055.25273 527.38169 22.67743
4610.82581 1054.09970 526.55326 21.54386
4622.30077 1057.63184 529.04467 20.51750
4635.12406 1055.91704 527.55069 20.51564
4644.44896 1052.84402 528.20960 15.63509
4657.37971 1058.90080 527.11177 21.05887
4669.72199 1057.70489 528.08086 17.88422
4679.21650 1055.71518 529.18769 21.91875
4690.28082 1058.00531 530.70527 18.25189
4700.73766 1052.10566 524.59495 20.05706
4711.47634 1057.31222 528.13016 20.74906
4722.45148 1061.02061 526.20592 22.36392
4733.07530 1054.18397 527.41059 19.23372
4746.97049 1053.25624 530.45055 22.84677
4758.46107 1054.51525 527.77170 18.21666
4769.50186 1056.95610 526.47106 16.50585
4775.08815 1056.31302 527.90923 19.14570
4786.07234 1057.03047 527.62895 17.93849
4797.14509 1053.96351 526.31963 24.01682
4805.53666 1056.70640 524.33819 17.45750
4817.32677 1056.71276 527.23271 18.96788
4832.71766 1052.81310 526.54546 16.88100
4844.47014 1058.01146 527.54158 16.51002
4857.58366 1055.50824 527.10466 22.17749
4868.46103 1055.88011 529.52503 24.67554
4879.73159 1053.59782 527.43807 20.38898
4887.62949 1058.82143 527.85386 26.38792
4899.61216 1055.52341 526.50271 16.49506
4908.16629 1059.77977 527.51090 19.41686
4918.87534 1053.55765 528.70873 22.77330
4928.95076 1057.22445 525.17146 20.89216
4936.60052 1057.15876 531.66384 24.32114
4949.31314 1056.69469 527.58441 17.49290
4959.29672 1061.45146 527.05936 23.21620
4967.21144 1055.54328 526.45955 19.40618
4981.66431 1055.57570 529.50010 15.14681
4994.25153 1056.85094 526.69436 22.19351
5006.14004 1059.01671 529.19684 14.16005
5014.10659 1061.33562 527.92277 18.24933
5020.76141 1057.76271 531.09026 25.59431
5032.55293 1059.70290 528.15029 25.84356
5044.67005 1054.36893 526.36266 22.81844
5053.71858 1056.51276 524.65189 17.64372
5063.27168 1055.22337 529.56107 19.58247
5072.27356 1057.11319 527.08737 25.23604
5080.62656 1053.23676 526.95533 20.35702
5091.18920 1054.82315 529.11050 24.40814
5100.92752 1055.54011 527.47714 20.32043
5109.98966 1059.35128 525.76857 20.34555
5120.23533 1055.76871 522.41364 15.99829
5131.02518 1053.46737 526.16777 25.64351
5146.82009 1058.40340 530.21034 19.94706
5160.25659 1055.58792 527.99579 19.43250
5172.53482 1054.63178 527.55284 20.49545
5185.72891 1057.61332 525.54449 20.30886
5198.00743 1054.24055 527.43148 23.03422
5208.15673 1053.97165 526.70605 23.01643
5217.14296 1055.63249 529.72209 27.76074
5229.04756 1055.55181 527.00830 22.52112
5240.16389 1054.50656 524.51216 19.59112
5250.08496 1055.16469 528.63298 25.66297
5255.97402 1053.28758 527.96240 17.43356
5265.92454 1053.94798 523.13576 14.51824
5281.59344 1057.37396 524.90705 15.81091
5293.00136 1058.43508 525.35678 18.77388
5306.17893 1052.42245 529.81289 17.32255
5314.40517 1054.11989 525.74465 21.89566
5326.98327 1058.73204 529.13559 15.74536
5338.33111 1051.73787 531.99369 21.51792
5351.99218 1055.19532 531.96804 15.72675
5365.90255 1053.60112 526.45775 26.18172
5374.77648 1057.96783 527.76815 22.08898
5388.38192 1058.59661 531.39332 21.14715
5402.01119 1059.11008 527.66354 24.80014
5413.86168 1058.86082 526.01415 22.16280
5425.95313 1059.08448 523.67628 15.30670
5438.90983 1057.47204 526.21711 25.38769
5449.80847 1055.77273 532.35906 24.17841
5459.06235 1060.02902 527.24784 19.73984
5470.67240 1055.28637 528.40004 15.16364
5484.29684 1057.62941 526.90195 13.87869
5493.28705 1055.42460 526.96612 15.69496
5507.19354 1055.80949 524.52292 22.97445
5518.79321 1057.70637 525.24360 18.76576
5531.63934 1059.72285 527.29333 19.35870
5544.13625 1056.59085 526.17864 22.30985
5555.73980 1055.45456 531.26416 24.37254
5569.52046 1054.65930 526.83852 21.58331
5582.38161 1055.25345 525.90678 21.85010
5594.13970 1057.52640 525.01059 19.65709
5607.08139 1053.79305 527.57075 21.65615
5620.40397 1054.42470 527.63117 21.88501
5628.77737 1057.49569 528.71671 17.60856
5641.12472 1054.41850 526.22265 18.92753
5655.45455 1054.63838 524.67488 24.41674
5665.85781 1056.25556 528.83339 24.02511
5674.65967 1059.35467 529.40641 17.22832
5686.84406 1057.89284 525.58163 24.89782
5698.23214 1056.53418 531.08663 20.36241
5705.78351 1054.04788 528.33024 20.20981
5716.25347 1058.58450 525.50961 23.19944
5724.96947 1056.50946 531.91788 20.04131
5735.20506 1057.66276 531.87040 22.66300
5745.16312 1056.87049 529.39916 16.95842
5756.86396 1055.83043 529.69634 19.21893
5767.30809 1056.96743 529.67630 16.54788
5779.03610 1053.96680 525.65579 26.03090
5792.98698 1058.89995 522.45332 23.22188
5805.21769 1054.63971 529.56718 23.59392
5818.10896 1051.00408 523.58993 17.16196
5827.77340 1052.14871 525.78773 21.07379
5840.60135 1053.27580 531.22174 17.86227
5853.15769 1058.27295 528.30445 19.36198
5864.22361 1056.18184 526.99700 14.07999
5873.85834 1056.98411 528.63778 14.04241
5882.95150 1053.90838 526.18655 20.11717
5894.06041 1057.34987 528.41270 19.77834
5906.78276 1057.21338 532.51736 25.31272
5917.11366 1056.02210 525.91386 22.34551
5928.68970 1056.96918 525.92125 23.05826
5941.20260 1057.00448 531.53795 16.88770
5954.43830 1053.53703 524.88606 17.95132
5963.08644 1056.04619 524.73823 18.51732
5971.40618 1054.98791 526.28100 25.87988
5981.42644 1056.60619 524.17994 14.36398
5992.06998 1057.01343 529.14329 18.43997
6003.36066 1057.74033 526.60444 15.20971
6009.34963 1060.64079 525.33966 22.37670
6022.43869 1054.95156 527.46478 28.20088
6030.81826 1055.55521 532.63848 25.95461
6041.13346 1057.02587 526.00847 21.72283
6051.40003 1055.40786 524.13858 16.88581
6061.80994 1053.07031 529.24690 19.67700
6070.80516 1055.16796 528.42161 16.87466
6080.67296 1055.50211 528.51497 18.03210
6088.77035 1056.82941 528.09909 18.50259
6096.18958 1054.13240 529.21550 19.69952
6107.08262 1052.21453 530.04478 25.58890
6117.69186 1053.62073 527.93441 23.48345
6131.66176 1056.24779 530.33948 18.98807
6142.38871 1055.44076 527.02705 18.70950
6156.18189 1057.96597 528.43633 22.88327
6167.15942 1056.47501 524.14899 21.31327
6176.58655 1054.52591 530.16950 15.62790
6185.29126 1055.74554 526.88666 18.34148
6196.00115 1056.17227 522.75563 15.04800
6206.94983 1055.86326 531.41017 27.91577
6218.30577 1055.43753 526.14265 20.90504
6225.37219 1056.38731 530.80848 21.40953
6236.33499 1057.36697 530.13519 20.52462
6247.68563 1056.83606 526.88691 20.28661
6258.87011 1053.87388 529.59553 15.13630
6268.02194 1056.97775 529.13262 24.49593
6278.48673 1056.71117 530.07934 18.58683
6289.82931 1057.76151 527.60859 16.36848
6301.53877 1056.96178 530.93947 17.46338
6312.81958 1056.73539 526.96326 23.54225
6321.57356 1058.47002 527.64872 19.32640
6331.76964 1057.71549 528.84825 27.43444
6344.79182 1055.98140 528.41819 20.40385
6353.82399 1054.90770 527.93799 14.72430
6364.83119 1057.14519 524.84050 23.87930
6378.53752 1057.61403 523.40655 16.87350
6391.02322 1051.79594 525.00114 19.93318
6402.85244 1054.03966 530.98169 23.56765
6414.97708 1057.26359 527.75370 15.85567
6425.00237 1052.27106 523.44935 18.95019
6438.33559 1054.43771 531.20042 17.53798
6448.95918 1053.88529 530.62926 21.40028
6458.99039 1054.16037 532.37543 20.83485
6468.49235 1055.63258 525.30069 19.21139
6482.07991 1056.75190 529.97112 17.66899
6495.48156 1056.98980 521.59598 18.33552
6507.35937 1055.58447 525.90387 15.92631
6517.24654 1056.92300 527.13567 20.39727
6526.82504 1056.03155 529.69985 16.99858
6536.01379 1051.77783 526.30645 18.55038
6547.62227 1055.06598 523.18476 19.31393
6553.86296 1059.40974 525.34018 21.61713
6566.53097 1057.07423 527.41085 20.45212
6577.87865 1056.52907 526.85513 24.09838
6589.73852 1057.73649 526.61765 20.12868
6602.95311 1052.06773 528.67070 19.37716
6614.93947 1057.09210 526.14361 20.71363
6626.20176 1057.63897 530.85322 16.66470
6637.01132 1056.52706 531.27678 17.29169
6645.80820 1055.03666 527.62736 18.83667
6654.08636 1055.35652 528.15159 18.92458
6664.21224 1054.42165 527.97388 17.63603
6671.46772 1054.18839 530.74092 23.33611
6680.27303 1056.00707 524.74671 20.95995
6689.03965 1056.86808 525.37528 19.57981
6697.46020 1050.31205 526.51993 22.81209
6710.05259 1055.84322 525.88912 20.13740
6720.35856 1054.45342 529.55907 22.51758
6731.06297 1057.55657 525.60148 20.15040
6741.04783 1056.07145 529.97472 22.35115
6752.80003 1056.97162 529.75598 21.41846
6763.97586 1055.07997 528.97609 16.31133
6779.15987 1057.25580 529.19209 21.09732
6791.97443 1058.03259 527.48496 26.18277
6802.39224 1058.03752 526.12517 16.76083
6813.18201 1054.14596 525.80144 19.30032
6821.87189 1054.41446 527.45724 16.01619
6833.79404 1057.50671 527.43277 21.83043
6844.16835 1057.90959 528.38568 19.73120
6854.88778 1055.80315 529.10824 18.23428
6867.28534 1055.80342 528.04858 19.46462
6877.42497 1060.04048 527.44215 20.88269
6888.92716 1056.36512 527.31182 22.44788
6900.23559 1055.13309 527.17365 18.25407
6910.87601 1054.92091 525.82060 18.72047
6921.26103 1057.39123 528.44337 22.58666
6928.92487 1053.30764 527.35291 18.50364
6936.94392 1057.19102 529.06453 24.64304
6949.15822 1056.32708 531.01543 17.44167
6959.13200 1056.71598 527.67394 21.32197
6967.52736 1054.17518 523.73683 21.93496
6978.87661 1055.97632 528.15217 18.53542
6987.70920 1050.40268 526.21104 16.61336
6998.72817 1055.24972 529.09412 17.87551
7008.12087 1053.78276 529.06341 20.38259
7021.11269 1058.68391 529.37709 15.96162
7033.05161 1058.63072 527.24364 17.04969
7040.74386 1055.09032 530.31929 24.68052
7053.38823 1056.86753 524.90156 16.54464
7066.01357 1051.44738 528.77364 22.58777
7075.21818 1054.96773 525.69055 25.45832
7088.38768 1054.77570 527.27693 17.15440
7097.96135 1056.12899 528.94834 24.56598
7106.11312 1052.92200 530.04505 19.57229
7116.77362 1055.73347 525.79809 21.13169
7127.30039 1056.47750 528.25583 18.74514
7139.24124 1059.51655 530.95477 20.34009
7154.12399 1057.76715 530.06727 14.87383
7166.89825 1059.23378 527.64261 23.10134
7179.13991 1058.18685 526.03439 24.03519
7191.88785 1057.94465 528.72012 20.62868
7206.99368 1054.36158 528.51983 13.87420
7218.00589 1054.66058 528.78840 19.48775
7228.85655 1057.60624 528.29069 16.20912
7240.40943 1057.70549 528.06113 19.85773
7255.58132 1052.56468 528.32699 14.33945
7266.17157 1056.38600 527.89172 19.46803
7277.24336 1060.36010 524.84692 25.27904
7286.41265 1057.85572 528.66426 21.32198
7297.76358 1059.97416 531.43009 26.02551
7305.40045 1056.14415 528.15197 18.35153
7318.83397 1055.55928 531.64666 15.68833
7328.93728 1055.53713 527.55370 20.75125
7338.96826 1058.31970 527.90274 20.63024
7346.67833 1054.66212 527.80814 21.11548
7357.50817 1056.23746 530.17975 20.27026
7368.11730 1057.06188 528.30834 20.87543
7381.60098 1053.63707 526.67363 18.56755
7391.49879 1058.09117 530.08231 18.22621
7402.58505 1056.10972 529.29722 20.66049
7413.07828 1052.15337 525.39059 18.25138
7426.65623 1055.88470 530.56792 25.21474
7437.80209 1054.33023 528.76781 23.34841
7444.55355 1055.28805 528.20019 18.93599
7458.29079 1056.31053 529.66781 21.42928
7468.99135 1055.69450 528.75989 22.92810
7477.04460 1053.53013 531.96631 17.80987
7491.36528 1057.06061 527.62223 19.44245
7505.94400 1053.49890 528.53445 17.18127
7513.13602 1055.43323 527.90365 20.38431
7526.86621 1054.76196 528.88549 12.80329
7536.07648 1054.75736 527.67968 18.88995
7547.20734 1054.11524 529.05862 16.40945
7553.73802 1055.31413 530.95142 19.68953
7565.61919 1055.78521 529.12763 15.41505
7574.72102 1055.01237 529.87074 19.26627
7585.88576 1057.27441 526.77185 20.58701
7597.45906 1057.03742 527.74576 16.26690
7607.95590 1053.06073 531.25096 19.95943
7617.21517 1054.36996 529.45521 19.92217
7626.29808 1055.57723 526.86125 18.87277
7635.83003 1057.64118 527.80991 21.23947
7648.24873 1051.47983 530.38185 21.69668
7659.11548 1056.58183 528.75970 19.41668
7667.25278 1055.48129 527.94018 19.12636
7678.08158 1051.27994 528.17345 18.31325
7689.66234 1057.90908 524.67700 23.71936
7698.02453 1054.44815 526.36750 20.66654
7709.51774 1055.41748 528.32097 21.65000
7718.01087 1055.37444 527.76078 17.60300
7729.11733 1056.03915 523.80339 23.67057
7738.63203 1054.86933 526.96230 11.93518
7750.60200 1055.85800 524.81239 22.92456
7766.82101 1054.20676 528.49980 23.17621
7781.50344 1057.29051 526.63580 18.13651
7790.14838 1058.35976 532.29226 17.88765
7798.12276 1054.96087 528.10405 21.85566
7808.21195 1056.08997 527.77632 17.39563
7818.96314 1058.75561 528.62362 19.22477
7828.76847 1058.05699 527.26457 16.98885
7840.96404 1056.49766 526.26308 19.17972
7852.02249 1055.95128 529.83528 23.04551
7867.21277 1056.07280 531.51435 16.71539
7876.52046 1052.58511 529.58672 18.63032
7886.60698 1058.42304 526.14090 21.73687
7898.03527 1054.71546 527.92326 19.81561
7909.67903 1058.28117 528.03066 23.52352
7922.15780 1058.97159 526.13206 17.19215
7932.88850 1055.18012 531.60774 26.93416
7941.14071 1054.21190 528.44390 17.83949
7952.96237 1053.83883 535.03361 24.90034
7963.69281 1054.72631 531.50380 12.92711
7975.29832 1056.70884 530.12626 15.60904
7987.64918 1060.70423 531.31419 20.08507
8000.27040 1059.63645 525.26481 15.73186
8013.56953 1055.51323 528.22504 17.89291
8024.87659 1055.95732 526.14637 13.93077
8038.21531 1056.61202 526.68731 24.01372
8047.87277 1054.64787 528.80835 20.77034
8061.30765 1057.92345 525.58284 21.85012
8069.00025 1054.49296 528.80178 20.25861
8082.50686 1053.22256 524.01795 19.05632
8092.55833 1053.46921 531.70167 18.25342
8103.86380 1055.28072 526.61931 20.07181
8114.99123 1053.70678 528.45644 19.76758
8127.01872 1055.37297 528.91927 21.89091
8137.95864 1055.55117 528.01020 20.64100
8145.72246 1055.15313 526.49542 20.48503
8155.83753 1055.02597 526.37896 19.30748
8165.81462 1056.94180 525.49438 19.50117
8175.29993 1057.61867 527.20629 17.62524
8184.64420 1052.93532 526.45256 18.44108
8195.75856 1057.24232 530.85978 17.50113
8207.26620 1056.37410 530.83170 27.75180
8217.93651 1056.98513 527.27574 21.26206
8225.20996 1051.76918 528.31713 15.49612
8233.82635 1055.37947 530.99372 18.80351
8243.97250 1053.92396 528.46307 18.10162
8254.83738 1060.26743 527.91763 18.42186
8270.17227 1057.14962 525.55760 22.48595
8285.49843 1053.59115 530.17873 15.86981
8295.92893 1053.63886 525.27661 19.97514
8305.73851 1061.65797 527.44504 19.92353
8317.97114 1054.55097 528.99270 17.88998
8330.25723 1057.42397 527.61932 16.40250
8338.20481 1056.20922 528.12678 23.79190
8348.88691 1057.12461 524.46677 16.59449
8357.13001 1055.78948 529.17926 21.94746
8369.03684 1055.41286 524.46612 13.67127
8376.48273 1051.47988 529.49165 20.01971
8386.28102 1058.68092 528.40807 24.45501
8397.34151 1054.70495 525.35947 24.62167
8406.60861 1058.20989 527.73995 22.88935
8419.27758 1054.13651 527.89024 24.79665
8428.40519 1057.20712 527.64491 15.68711
8437.96053 1056.38981 528.08555 22.82848
8449.79043 1060.24887 525.95914 19.54583
8464.46405 1057.32885 527.67122 19.35545
8475.70468 1055.63391 530.09402 16.91122
8486.15543 1052.35170 526.45936 16.41585
8497.56985 1057.65897 526.08211 18.94843
8507.22547 1056.08037 528.51687 21.07957
8520.27946 1054.96494 525.51282 24.44622
8531.84045 1056.93782 529.41644 24.47626
8542.34956 1056.03321 527.05406 21.82388
8551.27999 1057.64495 530.48943 20.47244
8564.52927 1054.05661 528.14095 18.90550
8576.13764 1059.36971 524.24188 19.66488
8588.58389 1055.63820 527.69664 22.33634
8598.82023 1049.93323 528.46735 20.41808
8610.52699 1054.71227 530.14937 18.98801
8620.42026 1054.59184 529.37118 18.71677
8634.90277 1056.48712 527.02820 18.57750
8643.51109 1056.76834 524.81290 26.50532
8654.66508 1056.81714 527.32137 18.93879
8667.10085 1055.99951 525.77026 17.55873
8677.19167 1055.64878 527.78905 17.25218
8690.09573 1057.24711 527.09570 21.45103
8701.50214 1054.60907 528.46782 16.03558
8712.37657 1056.32323 528.81830 12.33130
8723.71208 1055.47049 530.52587 24.63216
8735.84241 1055.95487 526.12919 24.61506
8744.50353 1055.77025 526.62907 17.09258
8755.04692 1057.18887 526.67774 18.57452
8765.17793 1055.73710 530.79539 17.10286
8776.87979 1055.18232 527.19718 17.43565
8787.22448 1057.66721 530.33649 17.31672
8801.01993 1054.00958 532.80008 17.42669
8812.85544 1055.97828 529.31424 20.93933
8822.21478 1053.68238 530.51093 17.86215
8830.01321 1055.58692 530.08970 23.47552
8840.07794 1057.65143 533.37216 18.68819
8852.94222 1054.78623 528.10617 19.59267
8863.63599 1054.26814 528.92925 23.99548
8875.09483 1054.69183 530.16749 20.00583
8889.29139 1053.79350 528.09908 18.22001
8898.96442 1055.59777 523.67198 19.43672
8909.69328 1058.82842 529.15386 21.26210
8922.28995 1057.00183 528.74653 12.16653
8936.28232 1058.09324 528.58593 22.95166
8950.43113 1055.24409 528.83329 22.85501
8961.38471 1056.61371 528.77508 24.21197
8970.31557 1055.31419 528.49341 17.41215
8983.05045 1060.93337 528.46154 15.26887
8996.32014 1058.23251 528.79666 20.90246
9010.47492 1055.22080 528.34359 23.45621
9020.97265 1052.32613 526.95333 16.69188
9032.90506 1052.25093 529.83946 23.74935
9042.08288 1056.40231 530.09688 24.24925
9054.39183 1054.36753 527.95620 18.45265
9066.16614 1056.17174 531.77382 19.91415
9077.55621 1054.97274 528.50801 20.79878
9087.92682 1055.86474 525.33560 17.00747
9097.71988 1054.94831 528.94798 25.31380
9108.78945 1056.97731 529.39549 16.20245
9115.91531 1056.09559 525.65367 19.76326
9126.49681 1052.00824 530.19560 25.39752
9134.76774 1060.61359 525.94087 21.03777
9146.02727 1056.94803 527.87394 19.69793
9158.94200 1056.30166 529.92374 23.39523
9168.77588 1055.29430 526.84114 25.31959
9178.01810 1054.13548 526.19411 18.67521
9186.66057 1053.28876 531.05480 14.96481
9198.72993 1060.07024 524.29502 21.94574
9207.96181 1058.01387 528.71700 19.37128
9217.78507 1056.91498 530.20521 25.05417
9224.33846 1053.03215 525.61463 25.41834
9233.15450 1057.64079 527.34399 21.45035
9245.04945 1052.49914 524.46257 23.81861
9256.74575 1056.81326 526.87283 20.60566
9267.32822 1054.78694 528.69188 23.39179
9280.04822 1058.22992 527.09105 16.04556
9293.48846 1055.41334 526.80324 22.62552
9306.15058 1057.71243 526.79870 22.54331
9318.48280 1056.32181 526.73375 17.23912
9330.83152 1054.94266 533.55637 19.28930
9343.15079 1060.07373 524.25874 22.21844
9353.05195 1054.21673 529.68750 22.66687
9363.26600 1054.09702 526.17011 26.02217
9376.87078 1059.56693 529.86180 21.14522
9388.84200 1053.61157 529.82383 17.78424
9403.10954 1055.60475 525.50221 18.19493
9413.59742 1053.22081 528.31963 17.40750
9425.33034 1053.61597 528.65336 20.53817
9436.41246 1053.51262 528.36997 17.92350
9446.69377 1055.24491 529.97172 21.40474
9455.08236 1056.79315 528.59060 22.80205
9466.75907 1056.69536 526.70612 13.35810
9477.71044 1053.09194 528.62849 25.11066
9489.50417 1053.97370 527.40962 18.29845
9498.02119 1056.33087 526.29264 23.73932
9510.20687 1057.19568 527.28133 23.02981
9523.06260 1058.46499 527.52340 21.74067
9534.50268 1052.90701 527.61772 22.11748
9543.80030 1052.72162 527.41452 23.92272
9551.56744 1060.51108 524.56863 15.35911
9563.80044 1055.77387 527.67430 16.68789
9576.34432 1055.89897 527.63650 19.70814
9588.36844 1052.58446 526.38053 20.45787
9597.43672 1053.68616 526.09725 16.14491
9610.15904 1056.35547 524.23618 17.51856
9622.17467 1053.67673 527.01175 21.33872
9631.67127 1053.94598 529.06314 22.21545
9639.73083 1059.71814 528.84102 18.66342
9649.19551 1053.94810 527.10665 24.09784
9659.44112 1058.16428 528.80171 20.74987
9672.23415 1058.47161 524.28938 19.71495
9684.00111 1056.59932 530.43814 19.42554
9696.46190 1061.20263 527.28662 17.67694
9708.81977 1053.26295 527.75797 22.44079
9719.52546 1057.30231 524.37241 24.17581
9726.31546 1058.44509 530.60906 20.16661
9737.94615 1057.45132 527.99843 24.50254
9748.17587 1052.63385 529.08242 20.54357
9759.98285 1056.52730 525.48164 25.58366
9772.72459 1058.64244 526.08481 22.88720
9783.39676 1054.05028 528.38188 20.97269
9793.64288 1060.29252 527.16843 26.25018
9802.00128 1056.31902 526.71543 20.24377
9813.63669 1056.98941 523.00054 16.71725
9824.94772 1057.50780 532.78953 14.62784
9837.87381 1058.66181 525.58259 22.74566
9852.05078 1056.90880 527.77689 17.90971
9865.59447 1059.25387 528.03837 21.58177
9879.06400 1056.45759 527.46123 14.43794
9891.74361 1057.70825 530.26637 17.95350
9898.94576 1054.25517 524.79121 22.80704
9906.09835 1057.49588 529.71929 18.59818
9914.64847 1054.53525 528.17635 19.18781
9926.43053 1057.67311 526.87093 18.67689
9936.32223 1050.50402 526.68686 17.88927
9948.80415 1055.57395 527.45893 15.27126
9958.01871 1055.37819 528.29019 22.05092
9967.83731 1060.89939 529.45917 20.90945
9976.32243 1055.21630 528.73204 17.11708
9990.10758 1057.15691 527.81194 21.54635
10002.02254 1055.14382 531.52872 17.84580
10014.58405 1058.57411 525.03601 22.37330
10024.31651 1053.81390 525.52089 16.54794
10034.51186 1055.62086 527.81220 19.72688
10046.06680 1055.28884 527.76917 16.52310
10056.17137 1055.75143 526.27656 19.15515
10066.54687 1056.73871 528.82726 14.69846
10076.77558 1056.10658 530.43918 20.71023
10088.55142 1059.17132 528.16019 18.79922
10097.84807 1057.63674 526.18397 18.75657
10108.56976 1052.21387 530.68302 24.01900
10120.86315 1057.91719 530.81394 14.12328
10130.10732 1056.12682 524.63883 21.48311
10143.43631 1054.48411 529.02563 16.68706
10155.79323 1056.43630 527.99431 16.86881
10163.39971 1057.42829 528.68410 16.06944
10174.37970 1053.47606 525.87714 18.76933
10185.14413 1057.71152 525.37610 18.44668
10193.84405 1056.03564 531.91867 18.08968
10208.16119 1058.46016 526.25623 20.94039
10215.89312 1053.98255 526.55471 17.70405
10227.38028 1051.56881 525.77291 20.52365
10240.23548 1053.72488 530.52702 22.81426
10250.55923 1055.09242 527.35507 23.04047
10261.88129 1057.40934 531.24424 22.62778
10273.49988 1055.45674 530.48556 21.87112
10282.49805 1059.70423 525.01953 19.66719
10291.75429 1058.49733 529.52162 24.86357
10298.60270 1058.46368 527.22233 15.23179
10316.97160 1053.24246 530.74926 21.97244
10324.79186 1055.24875 531.48080 24.98182
10336.52063 1055.20535 527.70068 20.14186
10346.17843 1055.14781 529.36553 21.03335
10352.93456 1056.85414 525.19799 16.40759
10362.45795 1054.76487 526.23262 20.81160
10374.74403 1058.05014 524.90882 19.87439
10386.19641 1059.32531 529.61524 15.49177
10395.11965 1054.79561 530.61542 22.00368
10406.44002 1055.51501 529.51878 17.41079
10418.22609 1052.86282 525.81199 16.73704
10432.27075 1057.33186 530.14258 20.73892
10443.38505 1056.61628 528.54954 23.69325
10454.10805 1055.20340 529.37673 25.17808
10463.65929 1057.14875 530.55137 21.43047
10478.07585 1060.32035 526.75960 14.61503
10486.17454 1055.25713 523.93225 18.64357
10497.93699 1057.63713 528.30400 23.97048
10511.95958 1055.36732 525.95159 22.73126
10520.91473 1055.00987 529.22063 19.34456
10533.27580 1054.95622 527.62892 18.10897
10545.74539 1054.21069 528.36259 21.93081
10559.99518 1052.75487 528.21412 14.25398
10570.93828 1054.19426 531.23271 16.84240
10584.46202 1055.76083 528.24894 19.13453
10596.78396 1056.63421 524.73845 15.63296
10609.22015 1057.55660 529.22233 20.24717
10622.71368 1059.83467 530.46882 20.76393
10632.04454 1055.44504 527.64985 12.77320
10642.34687 1057.40019 528.51867 18.57626
10654.35110 1052.29720 529.54015 18.93664
10663.15262 1058.37684 531.57472 18.67650
10675.42386 1056.09986 528.50493 23.79612
10683.94001 1059.01329 527.71931 16.02612
10696.28791 1058.50618 528.09058 24.03341
10704.16763 1057.05487 526.01110 21.76202
10716.42858 1055.72044 530.43129 16.76628
10726.05377 1054.76962 522.92676 21.86687
10735.84835 1054.82180 526.68996 18.18860
10748.07156 1055.20020 530.11866 23.31157
10761.20413 1055.06321 529.42949 17.77745
10774.33583 1053.18607 530.01192 16.31317
10789.29292 1053.52235 528.30911 19.32295
10796.70582 1057.29489 528.03986 24.17541
10810.96746 1057.77762 527.42668 22.85958
10823.95263 1055.92827 526.42099 20.05829
10837.17879 1057.75623 527.04921 18.33203
10848.64457 1059.07120 527.73558 24.98684
10862.92145 1057.90887 527.65446 23.01759
10876.88883 1054.26535 531.86785 24.46769
10890.24130 1056.51101 529.48253 24.67583
10904.00934 1052.03925 529.53153 22.36696
10916.32062 1055.14879 527.63179 13.15119
10924.04370 1059.17680 528.37645 23.24963
10933.36996 1055.32049 528.14507 15.60182
10941.25848 1058.08360 526.64542 19.19991
10952.02879 1059.42972 527.53988 21.41012
10964.13284 1060.38373 528.46761 17.76496
10972.23501 1061.09257 527.24141 19.62106
10979.32929 1056.47949 526.82181 22.72166
10991.36313 1054.03913 533.87414 21.81821
11002.63302 1057.10773 524.88445 22.90668
11012.91129 1056.12042 527.34954 27.86605
11027.06369 1057.54478 529.16356 19.28033