34381.86
479
344
0.64
0.64
0.64
0.65
0.64
0.64
0.64
0.64
0.64
0.64
0.65
0.64
0.65
0.65
0.64
0.65
0.64
0.64
0.65
0.65
0.64
0.64
0.65
0.64
0.65
0.64
0.65
0.64
0.64
0.65
0.65
0.65
0.64
0.65
0.65
0.64
0.65
0.65
0.65
0.64
0.61
0.61
0.61
0.61
0.61
0.61
0.61
0.61
0.97
0.97
0.97
0.97
0.97
0.97
0.97
0.95
0.95
0.97
0.95
0.95
0.95
0.95
0.95
0.95
1581.12
1579.78
1587.75
1585.66
1584.56
1580.57
1580.15
1585.14
1585.64
1584.17
1589.92
1585.90
1582.51
1589.11
1582.46
1586.98
1948.60
2046.81
2042.17
2471.79
25174.31
2035.02
33090.85
1929.85
2415.47
2012.65
1871.80
26658.80
1916.14
2395.20
1826.06
1847.12
26701.49
1841.37
25058.83
1734.04
32466.71
1759.08
1827.18
2219.71
2213.05
28103.47
2334.81
30718.30
1725.20
24990.59
1754.44
28110.23
2247.21
25917.84
2158.53
28100.32
2123.50
30122.22
2139.04
2156.31
2119.64
2119.08
2132.95
30119.19
27359.58
2110.37
3073.75
2106.31
30526.88
2578.46
27832.85
2476.13
2950.95
2490.34
2402.66
3017.21
23625.21
2967.55
2407.45
24006.89
28729.76
29251.93
2427.58
2404.88
26084.25
33001.15
2316.90
2394.21
2910.71
32861.07
2790.81
2235.53
2275.28
2281.01
2338.53
2747.40
2160.66
2285.54
28152.72
2151.05
2643.29
2655.38
2645.71
25447.85
4839.67
25956.40
30674.75
32810.46
2632.79
31173.50
2639.81
2643.06
2634.48
2644.82
2654.77
25325.43
3058.33
3087.70
3082.63
29899.24
28880.60
29490.22
2979.51
27746.99
2994.14
2930.71
3061.31
3023.54
32581.73
2983.90
32998.83
30898.16
29869.45
27244.72
24492.32
2795.74
2791.70
2916.96
29275.30
26619.93
2758.63
3326.01
2788.00
2745.18
2807.03
3231.50
24418.28
23285.51
3177.19
3165.81
3173.65
3177.57
3171.17
3168.66
3180.39
4198.41
27411.34
3166.23
3162.16
3162.57
3160.25
3160.87
3153.22
3163.36
3624.74
31486.72
3497.74
3561.46
24666.92
3503.46
26286.76
25745.94
28789.53
3422.93
3452.16
3548.30
24605.70
27183.12
3434.06
30934.45
3889.78
3350.91
28161.47
3405.77
3340.24
24542.17
3418.65
3391.16
3371.33
3779.78
23842.77
3246.93
3347.96
23267.29
3832.11
32256.36
31258.46
3678.55
3688.14
3698.47
3685.60
3775.84
3702.08
3709.00
3676.02
3699.18
29584.23
23099.56
30079.55
26819.77
3671.44
3683.16
4184.69
4048.00
4644.67
30020.28
5735.64
4067.51
4049.64
4085.44
4091.29
31464.71
3927.81
27257.92
4024.33
4471.03
29336.16
25626.95
4437.95
25619.65
24572.02
3872.46
27597.62
5423.44
3896.85
29184.23
3937.73
3814.40
21759.07
3786.49
3743.93
3744.32
3824.34
4239.77
4219.29
4231.00
4218.21
4212.61
23737.31
5238.18
4217.39
4217.76
21611.37
29000.03
4216.89
4205.52
4210.62
4213.68
4198.26
4209.69
4681.58
21989.86
5076.30
4674.67
29354.47
4521.65
4584.89
29839.33
4640.55
4480.85
4474.53
29856.10
27700.04
4463.30
4444.24
4530.32
4957.37
4493.27
4407.16
4458.83
4427.02
26548.70
23362.42
24954.27
4429.76
27121.71
4312.88
24322.29
21152.04
24334.31
25421.54
30735.31
29588.99
4735.79
4720.66
24835.87
4729.50
4748.41
4778.10
22186.89
27451.81
4717.27
4724.12
4725.95
4723.85
4719.20
4714.60
27908.03
5218.91
5089.51
18401.91
5584.54
5106.41
5019.68
5164.48
23078.45
5558.53
22537.56
5101.29
5069.07
27699.00
21926.36
6635.45
4925.89
5018.14
27663.64
4913.83
22828.77
21807.61
4896.79
6453.13
4916.31
4921.80
5332.45
4837.40
4791.51
5306.13
4881.88
25876.12
5415.73
27992.62
5292.23
5256.61
5250.79
29040.52
5277.73
6391.30
5294.30
5275.75
5238.47
5237.68
23153.62
5246.70
5238.77
5236.95
15749.27
6254.73
5680.68
25664.90
22475.83
6076.38
5668.61
20449.56
5594.31
5546.53
25666.16
24488.75
6087.36
23484.67
29345.07
5532.49
5586.90
5450.08
26050.57
5420.05
5385.50
5950.62
5474.82
5372.22
29240.71
20656.10
5456.58
5854.12
5423.88
5301.12
5427.74
5322.63
13281.29
29668.16
5785.30
5777.43
20569.09
5779.01
23688.39
5792.12
10084.64
5852.88
5781.19
5785.96
24273.09
5773.23
25308.96
22568.08
19467.76
6163.24
6699.05
6128.37
6096.58
25732.84
6201.98
6602.92
9848.85
6125.76
26087.23
6096.87
6003.61
6001.70
21423.83
6016.39
6073.00
6101.30
6466.89
27596.21
6035.98
21281.16
5997.55
20198.61
6410.58
6002.84
5918.12
6392.58
5862.16
20192.20
25465.79
6361.95
20702.99
6297.60
22729.70
6433.51
24325.49
25387.58
6330.61
6301.63
6341.07
6295.65
25731.59
6315.75
6286.60
6280.05
6309.38
22557.53
6737.86
8343.48
27875.83
6753.24
28409.78
19905.46
6635.98
6597.61
6687.16
21930.18
7239.23
6591.85
6692.31
6580.38
7056.71
6666.61
26560.10
6506.47
7040.13
7144.34
6578.93
6978.80
6512.71
6506.75
6407.33
6506.96
6955.91
6388.90
22321.50
28064.51
26470.18
9098.65
22725.93
6835.81
26475.68
6831.15
26471.77
6824.68
6867.89
6890.51
6822.81
6822.87
27316.87
6819.14
6818.56
6819.65
27380.51
28362.68
26330.93
7254.06
8890.14
7800.28
7240.09
7145.01
7259.82
7222.24
7692.12
7199.38
7175.59
21420.73
8733.55
7033.75
7049.93
22454.60
6996.38
7508.73
7505.77
7034.07
7522.74
7039.34
23376.82
7579.29
24445.18
6896.84
6925.54
6914.93
22742.66
7002.61
20151.72
7471.14
27941.91
27952.72
7332.44
7354.50
7326.48
7327.33
7347.56
23210.10
19528.50
17931.63
7329.42
27393.93
18340.88
26790.36
7346.38
7334.36
7717.21
7785.70
23104.20
8230.75
23104.71
19369.16
17818.56
8173.42
7656.23
7686.49
8172.25
13439.30
7658.52
7681.29
26089.51
18206.92
26676.17
7531.42
7639.75
7616.13
7629.95
7636.00
26619.51
7505.56
17527.84
24450.27
21213.30
7462.71
7978.62
7408.63
7539.35
26925.32
7407.72
22797.28
7872.35
7876.16
25322.01
7873.97
21032.93
7885.85
7888.08
7883.64
20486.35
17896.16
25193.38
7867.95
22531.93
17334.03
8875.11
8318.55
8369.81
8218.59
8733.35
8807.60
8302.85
23478.50
21429.50
8822.42
8791.86
20346.69
8138.29
8219.15
8664.87
8121.62
8606.69
8108.18
8209.54
8092.84
8129.09
24000.29
8120.38
7998.88
22822.31
8625.26
24475.38
8028.45
8503.29
18066.43
8494.65
8035.21
7938.58
17961.18
10671.84
8416.94
16975.21
8419.63
20614.17
8440.96
8418.45
16896.79
23153.61
18976.95
8420.36
24670.39
21619.36
8425.92
23156.41
8824.70
8773.56
21482.97
8778.45
9314.65
8809.11
9400.14
8859.94
26118.77
8717.32
8700.81
8803.50
26642.03
9225.43
23945.98
9167.60
26125.46
9200.09
8585.80
8628.23
8550.41
17061.03
24893.15
8627.10
8634.88
8591.69
9035.72
8582.92
16483.72
17541.30
8565.15
17478.74
8952.09
8939.74
9039.68
8947.79
8943.98
18982.21
8987.29
21023.11
8940.65
26802.95
8959.34
23132.72
8951.06
24783.80
8950.53
9445.68
23564.67
9448.55
9439.68
9872.10
9376.22
9348.39
9786.67
9803.50
16744.81
9213.76
9323.76
9297.46
19343.86
9187.91
26643.23
9194.97
9169.69
17583.47
18162.95
9173.42
20190.83
9643.77
21244.27
9621.81
9090.79
21815.60
15925.14
9093.32
9539.04
9024.43
20603.02
8976.26
18463.28
9485.49
26366.86
24291.82
9489.24
23814.15
17903.05
25812.17
9485.11
9460.87
9476.32
9481.58
9473.08
16785.25
9479.26
10379.81
9925.23
9927.68
9931.36
10361.68
10330.83
18857.01
16143.47
19306.54
9760.64
9840.80
24097.57
11322.49
17145.91
16079.40
9753.78
23426.95
9812.07
9804.83
17600.90
22371.23
9652.69
21823.37
9680.79
25485.86
9708.59
9604.86
9573.81
9591.88
9547.07
23790.74
9567.01
10044.08
10054.10
20649.64
22181.62
10027.00
10026.26
10043.15
10021.53
10036.95
10037.94
10074.18
10033.18
10004.75
10006.73
10027.62
10956.45
15182.71
10375.17
10511.37
18399.95
19446.99
10400.43
22590.30
25643.02
10301.61
10286.93
19886.96
15083.23
19866.49
18790.47
19249.95
18798.83
10305.68
17183.37
10224.65
10755.37
10284.48
10183.86
10260.62
16057.32
10262.85
10198.76
25455.48
10125.79
10131.78
10084.91
18626.08
23786.07
10125.81
10536.55
20681.79
10519.70
10534.31
15248.37
10574.06
10533.16
19962.58
10521.75
22088.38
10547.16
10525.83
10526.89
10547.88
10532.80
10914.38
12592.61
23700.06
11017.30
11508.09
10889.29
10853.89
11377.35
10861.10
11377.20
10872.08
22009.11
10885.64
10882.30
18806.68
11391.18
10844.19
10826.16
10709.93
11259.14
17094.08
15554.94
18576.79
11225.06
16439.56
11188.30
10713.74
24440.98
10627.31
14945.23
10623.72
10636.55
10698.37
11071.34
11056.81
22797.22
20145.02
11130.50
11077.42
21606.78
17865.79
11051.59
11066.21
12140.58
11057.04
11085.39
11073.49
12004.76
17255.25
11484.73
11438.79
11932.07
11400.56
11525.74
11371.34
11388.35
11461.04
11334.13
11470.43
19834.71
23485.95
11338.10
16031.28
11368.68
23463.13
15589.18
11261.86
13897.70
11774.33
11835.10
15990.96
22802.40
11268.15
11283.63
18618.93
11244.55
16010.43
11184.22
20149.55
11624.62
20184.47
11631.18
23231.40
11592.17
11638.41
11654.51
11598.09
23678.19
11588.08
19569.02
19025.35
21103.03
11585.77
14124.05
15226.97
11590.53
16715.08
12489.01
11996.95
11965.78
11996.33
12027.62
12479.71
11906.71
22494.71
11973.93
11865.83
12407.52
11981.88
20325.19
11964.98
12367.47
21938.25
11887.85
17191.99
19229.57
12285.63
11773.92
11733.65
11847.20
22842.00
12365.81
11717.72
11732.18
12252.44
14855.12
11744.15
22838.20
19010.80
12226.76
21651.38
12118.47
12123.41
23701.74
13187.18
12176.31
12179.28
12111.29
20608.04
12121.69
12112.75
18904.05
12124.31
14225.58
12528.17
15743.90
19987.73
12982.76
12475.37
12527.68
12552.83
13565.54
12396.99
12438.09
12397.19
12366.93
12443.50
23009.51
12366.54
21346.54
12842.56
12417.95
15556.66
12407.00
12364.41
12373.17
12308.96
12230.83
12747.74

34714.24
479
23
22
22
22
22
22
22
22
22
22
22
22
22
21
21
21
0.64
0.64
0.64
0.64
0.64
0.64
0.64
0.64
0.64
0.64
0.64
0.64
0.64
0.64
0.64
0.64
0.64
0.64
0.64
0.64
0.64
0.64
0.64
0.64
0.64
0.64
0.64
0.64
0.64
0.64
0.64
0.64
0.64
0.64
0.64
0.64
0.64
0.64
0.64
0.64
0.61
0.61
0.61
0.61
0.61
0.61
0.61
0.61
0.96
0.96
0.96
0.96
0.96
0.96
0.96
0.96
0.96
0.96
0.96
0.96
0.96
0.93
0.91
0.91
1581.12
2626.91
2090.70
1585.66
2623.10
2082.98
1580.15
32726.65
2094.25
1584.17
33231.14
2092.37
1582.51
31156.16
2091.02
1586.98
2101.92
2620.56
1585.49
2104.89
2622.29
1587.31
33796.52
2098.19
1584.75
2635.55
2098.86
1584.79
2102.72
2614.92
1580.00
2093.83
2615.07
1585.41
2632.43
2090.58
1585.32
2098.24
2616.53
1586.06
2101.19
28479.59
1586.94
2628.13
2092.51
1584.68
2100.67
3669.61
23787.79
25360.71
2626.74
29035.07
2635.53
30593.07
2126.51
3168.23
2633.42
2119.35
2639.43
3158.44
2102.28
2620.70
12648.12
3163.37
31120.84
2613.15
4216.27
2621.38
3138.18
2104.97
2626.17
3147.38
25865.45
3140.16
2603.45
2617.27
3133.02
29487.59
3146.45
2606.27
3655.38
33797.42
2613.27
3131.94
3147.60
33249.92
2602.02
2099.08
2611.39
3129.17
3157.89
13183.16
2607.55
2101.04
25313.48
2608.01
2640.19
3158.99
4730.91
2631.81
3151.83
3667.82
3698.05
33256.97
3146.85
31129.19
3161.61
3678.93
2631.22
3154.93
24257.46
26918.95
3158.50
4203.92
3164.88
31678.46
30611.05
30634.79
3162.84
29556.18
3695.62
3155.75
24274.43
3685.90
33217.47
3140.11
32728.75
29552.52
4726.21
29592.58
4745.91
3150.12
3171.03
3684.32
30608.99
26913.80
3146.21
3662.80
3689.62
3147.34
22670.53
3155.06
6841.74
3663.44
3175.00
3691.19
8427.68
5270.53
3674.81
4187.76
3694.55
4208.02
27431.58
12669.69
4213.00
3672.93
3161.45
4204.17
3663.49
3156.72
4205.77
32687.61
3681.78
4200.57
26901.54
3153.19
28492.42
3661.87
29553.65
3668.70
4177.60
3657.74
4181.28
6278.06
3142.39
30062.82
3650.04
3152.38
30092.62
3664.18
3683.39
25326.92
4187.94
4210.43
3668.58
23184.29
26385.32
3676.71
5777.70
4199.52
3662.22
31096.34
30612.60
4201.40
5773.96
4204.54
5767.31
16314.13
4741.71
5789.39
4187.59
4218.61
29522.29
14211.67
30084.49
27428.72
4185.79
5268.13
4727.82
4184.66
4204.44
31656.66
4709.69
3678.65
4198.71
5241.71
4728.60
31648.32
4175.16
27390.43
4177.84
4693.05
27425.48
24781.80
4178.21
27991.93
26923.34
4186.78
27976.21
5248.05
4182.12
29013.96
4723.55
4181.59
23208.57
3671.04
4191.41
4195.51
4715.83
5233.51
4215.23
5790.21
4721.68
4721.38
23710.47
8390.93
4733.45
5781.98
22672.71
28472.51
4205.51
4720.13
4209.70
5250.28
4712.64
7382.91
5255.97
24237.17
5260.79
4722.17
30590.87
4219.22
5790.39
30070.18
7368.20
4719.49
5231.74
30034.40
27913.49
4699.34
4203.62
4717.43
21586.41
4202.07
4719.74
5241.84
4198.43
26372.07
23719.27
24771.41
4706.47
27387.13
4197.90
26361.12
22119.33
20547.25
22647.84
29498.73
28493.69
10000.73
5757.77
25830.03
5753.27
5211.62
5787.22
22673.63
27409.18
4731.45
5248.59
7872.65
9475.78
12094.02
5226.32
28989.19
5764.11
5223.38
6827.43
5761.02
5216.28
4716.60
5760.49
24750.50
6288.45
24235.43
5211.87
5220.17
27889.50
5726.94
4709.80
5227.28
5745.41
30080.20
5240.34
24250.32
4713.61
5234.71
5751.00
4716.44
5230.91
5743.21
5245.27
4706.43
7333.80
5232.62
23692.79
6794.18
25843.61
7876.54
5755.34
6289.26
30041.29
5741.86
7359.63
6820.51
5755.49
5253.96
5765.23
23158.02
5244.31
5756.80
6273.90
21068.99
8399.17
5753.20
27415.19
24236.91
5738.31
6819.95
23694.66
5738.66
5222.17
26332.54
25793.59
5729.47
6249.43
29452.29
6804.29
12078.01
5732.82
28485.80
5226.20
5741.56
9983.15
6276.56
5740.44
28993.30
22635.05
5739.68
7885.96
5234.22
5746.53
5232.71
5750.79
7318.10
29534.09
13698.05
6277.08
21598.11
6276.97
24218.24
5773.35
18976.04
17904.33
5784.87
6300.74
23163.00
6308.41
26362.88
23174.02
22125.70
6296.98
8919.64
6826.82
6285.79
27928.27
5770.94
10508.43
20517.87
6804.82
26332.92
6251.79
6259.77
6777.22
21008.91
5752.40
6792.58
7836.32
5759.36
29527.18
6264.21
21602.25
6271.89
11019.13
5744.34
6787.93
6248.83
18951.91
5746.18
22621.44
24212.93
6268.71
7835.19
6288.00
21609.16
7340.18
22638.62
25798.64
6772.69
7343.44
11559.09
6794.74
24219.13
7337.17
6798.95
6288.68
6812.69
23163.47
6299.74
6818.29
28429.49
6817.63
29515.11
7325.69
6302.73
6819.09
7333.34
23185.59
9445.11
6794.97
7332.38
6794.87
9417.22
10518.56
23706.07
6798.55
6304.98
17911.38
6806.82
6290.93
7335.80
6817.96
6789.23
7324.08
12584.51
6299.05
25303.82
27399.57
24225.74
6800.63
19458.76
6828.72
24776.57
7336.79
27403.06
7318.06
7836.96
8408.59
7337.55
7851.71
27381.40
7332.64
8380.38
6817.48
28458.42
28971.69
27388.37
7327.67
18919.47
8922.14
7853.11
7315.32
7861.23
7321.53
12063.09
6787.74
7302.05
23139.25
12558.36
7282.23
7800.66
22100.94
7297.36
7817.06
7327.41
6788.61
12594.18
7330.47
23165.58
18939.37
25781.38
7299.74
7808.25
6801.00
25265.27
7304.23
7840.19
7296.41
26282.37
27392.09
7848.12
8365.42
7837.47
8878.97
8341.48
23697.96
20518.28
18927.79
7326.42
27881.37
8894.31
27397.33
8374.75
7836.32
7864.86
8380.56
23661.38
7864.68
24752.53
21576.12
20006.96
11036.03
7853.71
7332.69
9437.80
12584.12
7822.64
7823.51
25753.31
18939.31
26325.11
7839.75
7871.84
7338.63
10497.19
7344.88
26876.11
7862.34
8371.02
24744.12
23730.29
8344.51
8918.94
7329.09
8389.25
24737.56
7840.80
21616.21
8924.44
8387.61
25282.84
8894.53
21036.45
7878.64
8400.98
14195.43
20001.77
8912.49
24195.03
8393.99
22642.90
9956.92
14199.53
8393.17
8907.91
8402.76
8917.52
13128.32
7872.00
24759.29
23158.50
17896.75
17360.85
19461.25
8367.65
8362.62
8879.23
7875.76
9973.12
8382.42
11056.17
7879.07
8397.08
25841.41
8399.54
8392.84
23162.20
17353.36
25320.48
8878.45
7868.70
19997.24
9978.86
8911.37
8372.43
17933.06
16866.07
8922.65
9447.03
8911.66
21056.65
8952.25
8416.18
17387.26
21604.53
18955.15
8928.92
24798.24
21606.97
8925.88
23184.30
9462.89
8924.91
23206.52
8938.24
9460.14
8424.89
18440.33
8933.38
25838.90
8930.21
8915.16
9433.94
26836.41
9405.08
21075.04
12604.28
26321.32
14747.33
8397.48
8916.98
8943.07
13156.93
24778.47
9439.45
8901.18
8421.65
9412.82
8928.51
17357.74
15789.87
8915.51
12600.94
8947.82
9465.44
11579.17
9976.09
9435.72
19466.54
10002.98
20547.77
9453.59
26864.81
9451.32
22100.60
9470.14
25308.46
9979.03
9469.79
23697.98
9978.97
10006.30
19501.98
9458.23
8954.75
10526.87
11046.67
19508.85
9460.84
9975.24
10500.14
18935.21
9417.78
26891.63
9985.88
9444.85
18462.10
19514.74
9463.50
20573.14
9478.05
22149.11
10510.44
9448.14
23747.68
18402.25
9464.09
8926.52
9996.11
17368.91
9444.86
17420.60
9485.32
26360.80
25309.88
9978.05
24222.82
18987.38
25837.55
9475.87
9975.28
9978.36
10499.47
11050.35
17902.27
9976.51
11582.14
9988.83
10505.90
10004.29
18445.58
10509.69
20558.08
18437.54
21068.48
9474.07
11045.12
24233.01
16839.73
11538.92
10999.59
9991.87
21070.99
10491.39
11070.94
18454.63
24785.52
9486.94
22670.13
10522.09
26345.20
11561.38
9492.82
9952.69
12114.12
9987.72
21606.57
9995.91
10510.04
10031.06
18469.09
20562.00
14223.11
11040.80
10499.23
10020.73
10537.28
11587.34
15805.54
13683.18
10507.58
10010.02
11052.48
15788.41
17387.57
10525.16
15258.36
20572.74
21090.44
10512.50
23741.34
25842.61
10520.74
9999.94
20023.22
17377.31
19475.91
20518.34
18396.34
17917.15
10503.77
17363.16
10019.22
16347.17
12632.67
10016.70
10535.41
18442.69
11035.21
10498.68
24759.06
9999.30
12099.13
10502.97
15264.81
21580.39
10492.31
11071.43
19500.73
10520.66
11036.04
16307.57
11543.73
10530.58
19491.13
10527.39
22115.71
12619.16
11028.81
11584.10
13680.07
11033.99
11055.19
16317.43
24755.55
11587.04
16338.77
11043.69
10545.73
12640.29
11049.48
10533.19
11044.26
23182.91
11544.90
11010.58
18391.81
12629.40
11555.49
11021.33
10539.59
11055.84
18974.52
15285.73
18439.98
12629.21
15780.79
11549.73
11011.37
23725.44
10515.27
16833.52
11042.29
11557.38
12072.05
11602.43
11065.52
21601.29
20551.77
12087.57
11547.91
22153.16
17915.02
11060.15
11561.32
15785.06
11560.23
11588.23
12099.73
14195.46
19492.18
12090.46
11552.00
15291.70
11575.82
12094.68
11060.03
11573.37
13147.95
11050.26
11563.10
19477.08
23700.86
11531.61
12040.83
11561.08
23169.51
15763.12
11058.56
15810.87
14739.23
11062.77
15807.57
22675.96
11559.47
11558.04
19474.30
12638.25
18967.78
11560.01
17903.87
12088.41
18409.89
12137.48
22145.08
11590.60
13690.76
14207.64
12086.03
23215.42
11587.52
17922.59
20011.36
20013.09
14721.57
14749.06
16859.59
12090.06
18445.46
12628.20
12089.57
12119.65
12639.57
14213.90
14228.02
12111.21
23200.79
11583.26
12099.57
14731.50
12083.42
21582.93
12588.13
12641.01
21082.20
12095.73
19543.31
21113.56
12111.37
11602.65
12121.30
12649.73
23183.66
15263.01
12084.90
11588.59
12636.66
17374.25
12105.54
21059.60
16304.48
12666.66
20031.51
12113.66
12628.43
23711.11
14191.66
12121.20
13174.83
12112.40
21594.38
12619.63
13137.76
19513.01
12622.97
15785.67
12637.63
16844.77
19993.36
15285.75
12632.78
13145.95
13161.55
16312.05
12610.44
12094.33
13135.05
12589.83
12582.77
23662.13
13616.28
19478.56
13128.68
12591.27
17927.69
13153.47
12619.13
12117.92
12631.54
12627.83
13136.27