36
820
0 359.54657 144.26102 19.04248
5.58764 358.52982 145.33118 16.70020
10.57670 362.61221 143.05119 20.71501
16.49302 360.58582 143.77786 21.14902
21.18315 362.33477 142.14154 14.80577
26.97181 363.82102 144.38156 16.23723
33.13935 359.81058 142.58723 17.47319
39.03270 358.61030 145.16703 20.08962
43.25093 358.99511 142.82970 19.26291
47.24659 360.95556 142.61695 25.18317
52.73488 360.14811 145.37217 19.89512
58.51109 362.40569 143.38493 21.22262
63.30134 358.48298 143.85105 16.77096
68.21807 363.27605 144.98767 19.96403
72.93696 357.08903 145.48497 12.59933
78.21531 360.78792 144.25146 18.02485
84.20764 357.74333 143.75867 18.11163
88.76152 361.93071 147.84072 14.72425
93.97004 362.58533 147.03390 21.90116
99.39219 362.51637 146.13335 18.85442
103.77175 359.41527 140.99277 21.09155
108.40537 362.21404 144.70460 22.98756
112.05613 361.88255 143.21999 21.14725
117.26155 360.25802 140.13873 19.02820
123.76292 361.06970 142.63415 17.85582
128.00608 359.98819 143.54640 23.14750
132.64165 361.50228 144.14473 23.54708
139.16333 362.50244 142.83721 16.58237
145.36603 358.60216 145.75840 15.09268
150.43202 360.11084 145.65107 25.34070
154.69250 359.29377 143.24756 22.88600
161.62378 359.72900 142.96872 19.94051
168.13961 359.78964 148.50371 16.29703
175.22868 362.00415 144.75533 16.26439
179.99503 357.51420 141.46640 25.04587
185.49495 359.30480 142.45504 24.95306
188.79397 357.96603 147.03853 26.05740
196.29174 361.21482 145.55708 15.74049
202.44237 363.31999 141.84147 24.19286
208.51966 360.58731 142.41499 20.57042
214.13065 361.83181 144.25061 22.45636
219.34071 362.34221 145.80920 21.92283
226.00356 357.74564 145.15126 17.47455
230.14246 359.47298 145.37297 15.32847
235.50700 361.80051 143.93351 22.09530
241.27235 358.73424 143.30850 17.81002
246.28610 359.13252 141.42261 18.76252
251.45717 357.77163 142.07724 18.33969
254.40871 361.51444 141.57235 25.91816
260.08658 358.73453 147.05973 19.26840
266.14298 357.89135 144.01251 22.68811
270.14543 360.76029 144.81837 18.87155
272.91849 358.38514 147.55820 22.51688
275.72995 360.40271 145.93796 24.56448
281.49420 358.05702 142.96086 22.88979
285.01152 357.91887 142.73843 20.72633
290.10873 360.93801 145.14110 25.20365
295.56322 357.16032 142.88943 16.56357
300.22924 360.17789 142.58013 19.93161
304.07093 359.19119 145.47307 19.54087
309.24887 359.61057 145.12780 19.76207
314.29064 361.89792 143.86108 20.25991
318.63902 356.81579 145.17919 16.16916
325.19096 360.15965 143.99370 18.54448
333.40110 357.49328 144.40542 23.51417
339.01214 364.23820 147.81650 20.73858
344.81336 361.70246 145.26098 18.70514
349.44349 362.64815 145.43928 24.30397
353.55989 362.44321 144.93550 20.86543
358.83656 362.60080 144.03061 18.37362
366.26644 357.83905 143.93075 23.22744
371.62261 361.13493 142.36577 22.73015
376.25063 354.92418 144.95324 21.53582
382.14579 360.86658 143.98249 16.41538
387.75283 358.44778 142.66277 22.14754
392.70243 357.94664 141.80830 15.21971
397.25562 358.21553 146.19238 18.04945
403.48782 362.17071 141.65360 14.86846
407.95814 356.38456 141.88314 20.60520
413.70637 361.43141 147.86228 17.09336
418.77812 359.19103 145.68347 19.90029
425.07203 357.65821 143.62163 18.74055
429.95037 359.08641 146.76448 17.96685
434.64184 360.55468 142.52974 12.95743
440.41558 361.47522 144.73240 22.74331
445.89963 359.36022 142.38677 14.15787
450.73813 365.03213 145.63565 17.61691
455.98685 356.75324 146.40105 20.69404
461.36611 363.96171 142.34646 12.17902
466.48937 362.33111 144.72353 17.34864
472.78766 360.22826 144.68829 24.69573
477.09802 356.66406 141.06921 17.81969
482.07201 356.02599 144.80669 24.95509
488.21606 360.03673 142.74872 17.87053
494.16137 361.02511 142.03626 15.05030
497.79761 359.90448 142.67752 18.65726
502.03574 359.16572 146.17058 21.95166
507.14056 359.06364 143.54491 16.92871
512.07815 361.38341 139.28065 22.49516
518.77054 357.12255 145.71411 24.92995
522.55292 357.17957 146.45025 19.21736
526.75955 359.95584 143.13537 22.04843
533.38677 362.79400 141.79723 19.39943
537.59259 361.93743 142.33482 15.19742
542.75841 363.96202 144.63516 14.33014
546.91138 359.25288 145.10075 17.50015
550.88874 360.40978 141.57393 19.30036
557.14402 359.14711 146.13582 23.61071
563.74729 362.34876 141.33766 25.45597
570.56502 361.35185 145.07035 18.43908
575.54812 358.76206 143.13977 19.92467
580.62926 358.29256 142.51890 16.37082
588.17870 362.76702 143.49329 22.64517
593.94636 359.06333 143.94644 13.05583
598.53342 358.17068 146.70961 24.43991
602.74859 358.32580 145.37504 17.65797
608.13092 356.65949 144.67937 21.94237
614.40959 358.11376 145.59680 15.44479
619.55301 362.65089 145.10231 19.47825
626.69102 363.59806 143.78297 18.07987
632.56372 358.03186 143.73340 18.64725
638.82333 360.75891 145.40696 19.28135
643.68036 361.58320 146.19300 18.15674
649.67334 358.63984 146.89605 21.19290
653.36175 359.13996 142.47650 20.08785
657.75416 365.21419 144.61384 20.01587
661.26966 359.13791 145.81982 27.22743
665.66945 358.81444 141.05964 17.64101
671.31950 361.67432 142.80947 18.08381
678.37217 360.13785 143.48024 21.51049
683.85470 358.87681 144.80934 21.01081
688.90638 361.83019 144.78899 25.96807
692.13126 357.42809 142.22186 14.01008
698.15762 360.92102 143.42397 22.17919
703.83050 357.96328 146.16616 13.96297
709.39776 359.22004 142.28207 21.56202
714.70391 359.69721 143.53895 25.21635
720.79720 359.56747 145.53040 18.67096
724.57286 357.64149 145.59345 19.91569
729.63505 360.42627 140.87364 15.30075
734.87274 359.00333 143.91214 19.30360
739.81384 360.36460 144.34689 19.86264
744.72738 360.02595 144.53315 17.57541
749.48717 360.45451 142.83176 16.43807
754.28715 360.87125 143.08179 15.49960
759.11211 355.46518 146.13222 16.67345
764.52633 359.72550 143.46582 21.46918
769.79591 363.32124 143.76852 17.35611
774.65466 361.68126 145.00564 16.80006
779.44398 359.59231 148.45959 14.96422
782.93629 359.43676 144.26902 24.39539
788.52146 360.02646 143.90825 21.64492
794.58448 356.78188 142.83263 18.33024
799.19758 359.87028 147.11425 22.74779
805.21397 361.12346 145.93420 15.22827
810.79387 358.59823 143.36133 22.77542
817.11178 361.04815 144.24051 17.42331
820.97595 355.15467 144.29401 25.40782
826.40529 361.47382 141.64485 21.99041
832.18174 362.80745 145.22153 20.50384
836.24004 360.36896 142.55915 24.66672
839.62814 362.51673 142.87232 21.73646
843.04488 362.51036 144.17178 21.28643
848.31907 359.78944 143.62942 18.07594
854.45345 359.72583 142.48869 20.32149
860.03539 361.54897 145.39083 18.99267
863.94283 365.30384 144.15848 17.67908
866.70786 364.25135 143.91441 17.14368
872.19946 361.82105 144.08469 25.65601
876.88610 361.33136 144.53738 28.96536
882.76291 361.65485 144.81465 16.65871
888.80876 360.78327 142.64247 15.23992
892.01236 361.83557 145.20544 18.11613
896.69973 361.70913 145.71017 16.31239
902.03163 362.56176 140.75569 18.71195
907.48304 362.85460 143.54318 19.80630
913.02713 359.01462 149.20112 24.64955
917.33292 361.57210 144.17287 19.82866
922.03017 357.37387 146.87105 12.77404
927.20030 360.17498 145.76548 19.97070
933.35578 360.53476 144.80415 17.09938
937.51351 359.91003 145.37933 20.73208
941.94814 360.75052 146.56869 19.05578
946.56467 362.44607 142.81468 23.17216
952.23165 358.39400 142.23615 16.19142
958.12017 359.41212 144.74764 18.65881
963.13385 360.84395 141.86481 20.32764
967.97912 361.69325 143.40909 21.45068
970.79206 360.59946 144.35063 18.13214
976.97451 359.52016 142.15006 21.17344
981.42657 361.56524 142.26695 15.37927
986.11159 357.10190 144.83194 25.31811
991.03596 360.44864 144.79531 22.97095
995.75109 359.38672 141.74826 22.30080
1000.65181 358.91010 145.39001 17.54288
1004.76591 356.55714 142.81350 20.68754
1010.11616 359.92128 147.41461 24.00894
1014.77547 361.63058 143.69448 17.19972
1018.98957 359.41975 144.30319 17.16617
1021.12478 362.38147 142.78775 22.14547
1026.22049 362.69259 141.65098 16.81800
1031.57668 361.95542 144.65547 21.29453
1037.06593 359.97594 147.67034 22.98348
1042.58268 359.57162 142.21934 21.81118
1047.47422 361.96823 147.83488 24.97461
1052.45034 358.08050 144.13808 23.96627
1058.07144 362.34715 141.23648 14.06562
1062.61038 357.91238 142.46985 12.18885
1069.51316 362.13392 138.42820 16.71999
1074.43133 358.21030 143.61551 19.49498
1080.07735 359.04000 143.51824 21.34213
1084.81708 359.13207 145.51963 23.41824
1089.92286 356.89512 143.26488 22.44298
1093.75086 360.35042 145.16763 19.83362
1098.45880 362.62839 144.90670 14.64244
1102.16784 359.51948 141.38431 16.07964
1106.38501 358.02471 146.26675 21.67506
1111.13145 360.69991 140.68730 17.36439
1115.81893 359.26202 145.72081 19.05651
1117.51058 356.75387 143.38426 20.46820
1123.72340 361.79686 141.04894 12.56017
1128.84900 362.73289 144.18346 21.94375
1132.23357 357.86658 146.87628 17.18909
1135.93140 361.37759 142.26379 14.18871
1142.51420 360.77552 143.96291 20.87979
1145.90271 359.03619 144.56023 18.62233
1150.68458 359.44613 143.68609 20.18386
1155.38354 357.72786 144.17269 18.76852
1159.37783 359.42132 145.95017 20.10573
1165.77377 358.31080 146.60196 17.10544
1171.18687 357.12869 142.51472 17.10642
1175.93828 359.66909 147.22347 15.90414
1179.42620 360.25340 144.10887 19.03450
1184.01382 359.96460 142.66136 23.48475
1188.21757 359.12535 142.01704 16.59017
1193.77802 360.30625 145.96538 19.41186
1198.27451 357.56168 144.11499 19.31343
1203.36533 358.07242 141.71236 19.39886
1207.78394 359.69800 147.12597 20.12170
1212.79455 359.49542 143.89102 21.04066
1219.49463 358.71707 145.80464 24.79747
1222.33722 361.76547 141.55411 18.79301
1227.67460 360.21321 142.86868 15.66545
1232.24805 358.18988 140.96508 15.84791
1236.79456 358.41601 145.47688 14.98596
1241.75731 359.14429 147.35651 20.42154
1246.81524 358.81616 139.25866 22.58433
1253.19944 357.65712 145.17175 19.44922
1259.64535 359.05375 148.81727 22.79345
1263.36814 359.59085 146.33491 24.29511
1267.47504 363.73958 146.69177 22.52144
1270.39075 364.06470 146.10945 14.49546
1273.58987 358.95286 145.56114 21.01102
1277.34341 357.23729 143.17222 21.33717
1281.02665 362.16545 143.51443 22.40487
1284.92748 360.94758 142.46161 20.75976
1289.96345 360.09339 148.28154 25.52215
1295.18600 360.81041 144.53760 20.85792
1299.36968 356.76976 142.52350 18.32076
1304.05683 359.37702 142.73143 20.97308
1309.95018 360.16640 141.79213 21.76693
1315.33130 358.71129 143.12272 20.81595
1321.33588 355.67743 147.62024 24.32667
1326.69373 357.35365 143.84723 25.56828
1331.09938 360.40139 142.34685 17.12317
1336.40668 358.98635 146.46168 23.76523
1341.48846 360.05248 146.61912 17.91541
1346.22347 359.88125 144.72452 12.04338
1352.20253 357.99022 144.19533 21.28941
1358.09455 357.68963 144.42832 20.70961
1362.01302 359.24875 144.17373 19.73654
1368.46560 362.52982 143.53934 18.21455
1373.72721 355.17772 142.28467 16.61364
1378.53139 360.99063 142.94091 21.41539
1384.22358 363.53431 143.01997 20.67574
1389.22999 359.45784 141.77966 15.94512
1394.12089 361.30118 141.41130 22.43097
1398.50422 358.32682 145.41876 22.03641
1404.58795 361.81930 142.86537 24.83982
1409.61723 360.74245 142.47505 20.17462
1414.21042 357.87719 143.83245 16.40821
1419.36857 359.75622 144.59878 15.77956
1422.96063 361.59375 144.86288 19.01226
1427.52970 360.23327 144.34697 25.92043
1432.02125 361.50858 146.94812 20.84533
1437.71295 359.68275 143.15464 20.72259
1443.70943 361.39336 144.03471 17.56831
1449.71989 358.56374 147.60504 15.93074
1455.33103 362.04746 143.28567 18.49608
1459.04748 361.31129 145.28398 22.41400
1464.49814 360.55115 145.59503 21.19605
1468.97172 356.05611 144.76247 18.31297
1473.67011 362.77738 147.39117 22.88556
1478.53627 357.97808 142.36132 20.65642
1481.62326 359.02292 146.11120 17.37675
1486.44105 363.33637 145.10296 19.34365
1492.03795 360.29310 141.79924 22.43380
1497.36006 363.74969 143.60982 27.60730
1503.81158 358.16111 144.36885 24.33204
1508.99630 357.62740 142.51127 24.71183
1514.41623 356.80814 144.01977 18.10105
1517.92946 360.55972 145.89509 20.21528
1522.17184 359.72534 145.18953 22.63495
1526.75362 358.65903 145.48171 19.03448
1532.65622 356.23107 143.85576 17.70575
1538.67432 358.31884 146.47169 19.09893
1544.49464 358.00550 144.88834 22.33680
1549.60036 360.31840 145.64128 19.69809
1556.39080 359.54689 141.67384 20.88552
1563.12716 358.61646 141.22434 25.98327
1567.95243 358.17617 148.64250 17.95628
1573.42709 360.04874 145.29336 23.31743
1582.07527 359.68822 141.62915 20.17552
1585.85352 357.68346 144.58895 21.49936
1589.42731 361.12890 144.90262 19.82356
1595.06143 362.41076 144.83581 19.31262
1601.13571 358.31334 144.28855 19.48315
1606.14768 363.76428 146.94822 19.31548
1611.85008 356.93265 143.67758 18.06930
1617.32078 360.94915 143.26856 16.27824
1621.88562 359.47588 142.24357 18.38783
1627.18645 360.89722 142.70520 21.62797
1632.60979 360.25215 145.13218 15.52982
1638.23035 359.33691 142.69030 16.64231
1641.04227 357.05560 140.24649 18.08605
1646.39942 361.47750 146.15200 17.35669
1652.37307 358.50162 144.99962 19.80574
1658.25913 361.84926 145.51637 16.85159
1661.30391 358.18712 143.06300 21.46946
1667.84472 359.64948 147.25217 15.92430
1672.80110 358.17371 145.99097 16.22075
1676.34915 359.71300 141.38605 16.81380
1681.11332 359.92336 144.34936 16.39211
1687.46078 361.44021 143.09045 17.36880
1691.40537 364.27793 144.91316 17.41570
1696.50165 359.49156 144.20626 19.23200
1702.25010 362.46895 146.69750 24.30229
1706.70559 358.15205 143.61335 19.31579
1712.87250 357.06342 144.73208 21.59183
1718.09604 359.11298 141.64139 20.32211
1720.38113 359.97658 145.75921 17.16790
1725.04151 359.78168 142.94884 17.96791
1728.39518 361.62461 142.15514 21.07952
1732.39385 358.15805 146.20114 22.89249
1738.18976 361.80952 143.46306 22.85512
1743.27373 359.57924 144.58730 23.78269
1748.44613 360.74662 146.50124 20.19477
1753.39700 360.77377 143.58233 15.27094
1758.25267 357.60539 145.27740 13.25361
1763.85761 361.51301 146.52465 18.57289
1769.06247 360.00409 144.38593 20.80919
1775.49388 357.28399 146.01453 25.60987
1781.17260 358.75710 143.48217 16.44640
1786.20900 359.55980 144.96671 23.02646
1790.62150 359.68322 146.30379 24.74141
1794.96926 355.89655 143.62969 20.60611
1799.86339 361.54375 143.98002 24.85974
1804.46099 361.30826 142.25115 20.55991
1808.53942 363.46300 139.80151 20.58362
1814.74949 359.62369 139.56663 22.15745
1819.84865 359.01324 143.62681 16.43200
1826.23553 361.13690 144.68701 24.71790
1831.16104 362.26359 145.26794 23.61129
1834.37039 358.64396 143.00360 24.36746
1838.90280 359.52276 142.65672 19.66240
1842.64731 363.48193 144.38469 16.49902
1847.22239 361.54744 146.44879 20.63101
1852.36455 358.72592 147.47461 18.61074
1857.05679 362.90504 142.19923 17.02724
1860.32057 357.85951 145.97351 24.15276
1865.59393 361.83169 147.82222 15.49798
1871.19325 363.32125 143.08612 23.01620
1876.85410 358.13683 144.53330 18.81333
1881.16586 362.25458 148.49140 17.27857
1887.22135 359.17656 142.29496 24.59858
1892.55365 359.98747 144.65374 21.07535
1896.94413 356.49404 146.48436 18.52090
1902.87850 357.83845 143.54963 22.86499
1909.30362 360.49000 146.56066 17.58425
1913.90403 360.88748 145.76092 22.44327
1919.17217 362.53554 144.54801 21.79647
1923.64893 363.67328 140.79833 14.70417
1926.96444 360.25007 146.14328 23.25947
1931.93619 360.88088 144.58539 21.40381
1937.35458 358.61934 143.20440 17.83145
1942.14280 361.52978 141.88820 26.42028
1947.16514 359.09163 143.41050 16.83624
1950.51767 359.32980 148.11581 17.40569
1955.59548 359.15872 145.24072 15.12274
1960.24858 360.33131 144.37842 26.25435
1967.25825 357.19963 146.18715 19.17689
1972.52871 358.97997 144.91315 23.19499
1976.89752 357.67069 147.15984 19.68474
1982.12490 359.50462 143.48643 22.45309
1988.68501 359.60026 142.06097 19.46429
1993.35657 361.22950 145.08603 17.91209
1997.09766 359.86459 145.38763 17.99575
2001.69659 360.21567 146.11373 18.16282
2007.15807 357.28782 147.35941 24.17379
2012.46152 363.01021 141.09014 20.66031
2016.04988 360.86341 145.89564 15.79247
2021.88573 356.64407 141.07826 18.34761
2023.91648 360.59508 141.53228 18.80800
2029.60503 363.09046 143.17411 20.94899
2034.26511 358.44527 141.92956 22.57886
2039.17852 361.40026 145.50354 21.24171
2044.33146 360.99511 144.59900 23.49392
2050.74614 356.40237 142.52113 23.67830
2055.54786 359.21045 143.53004 18.52574
2060.47104 361.97393 146.65058 17.80804
2065.13164 357.12328 143.79881 18.63008
2070.95842 359.33620 142.53417 21.05554
2074.33672 360.54595 143.92863 17.04542
2079.92981 360.74952 142.02044 17.50629
2083.15593 359.98057 145.64399 21.55444
2087.38039 357.58248 146.66563 19.63913
2090.75906 361.42453 149.11735 19.17803
2095.43147 362.89063 144.44164 19.02512
2100.29030 358.91597 141.36320 25.55404
2104.82150 363.06160 145.21533 20.62805
2111.57350 357.44816 141.80838 14.43627
2118.40900 360.09626 143.24857 18.41320
2124.32327 362.03530 147.67958 20.20398
2129.91264 358.79915 141.75390 24.34917
2136.04584 358.66637 141.63580 24.87072
2140.37872 362.33242 146.27183 15.79115
2144.34574 359.72154 144.97655 17.97827
2150.88644 359.33653 142.54221 18.09579
2153.43708 362.94509 144.24577 16.70345
2158.11797 359.13538 145.61242 15.38521
2163.42103 361.22802 145.02034 18.19944
2167.95008 359.28615 143.45166 19.16145
2174.35609 360.48817 143.22770 20.25073
2180.32995 360.44971 147.12005 18.83115
2184.57480 362.53983 143.03810 20.07364
2190.40053 361.48060 143.45610 15.74403
2195.91072 360.56414 144.68386 18.70297
2200.12111 361.79625 144.58596 18.00760
2205.61773 360.71062 144.87735 18.78986
2210.97723 359.28790 145.04359 22.27061
2214.64125 361.00895 147.39596 23.49587
2219.94470 361.12085 146.72360 20.37733
2225.91766 365.25600 144.70443 21.63008
2231.12713 363.03441 144.18206 19.17199
2236.27356 360.80042 145.73420 25.75929
2241.72279 359.66639 144.03465 15.37942
2248.37197 358.66208 144.16512 25.04280
2253.54822 359.29445 144.71188 20.87190
2257.51927 361.95972 145.90291 18.98113
2264.41840 360.13052 144.93973 19.14081
2269.17109 360.00433 142.30394 22.62592
2273.48217 359.37284 144.38282 16.16045
2278.56376 362.13581 143.89712 20.49457
2284.53195 358.98984 142.42606 18.97608
2289.39820 359.88375 143.60477 17.65071
2294.93685 356.19263 148.17958 19.34538
2299.56923 358.74372 141.19451 21.70044
2305.63300 357.19079 149.59058 21.71777
2311.28820 358.66054 144.30882 25.19253
2316.09386 363.57872 142.89392 19.80734
2321.50343 360.74674 142.47394 19.78864
2325.48685 357.99110 145.97866 18.96871
2329.90768 362.63245 150.25073 16.97807
2334.60572 358.63897 144.49738 19.42308
2338.58017 358.63779 140.34747 19.05798
2343.82997 362.89161 142.01551 23.47454
2347.69505 361.77457 145.19025 22.10258
2354.95545 364.39734 147.73378 16.26607
2361.04546 357.89685 139.08987 16.95106
2367.31756 359.96276 142.03772 21.41942
2373.93733 362.54509 147.09682 25.10985
2379.05445 358.19382 146.04068 15.30372
2384.04486 356.87149 145.34861 20.97960
2388.95651 357.32391 145.72780 21.20068
2395.19908 362.35433 143.06182 21.92747
2400.43340 357.91362 144.19490 18.65511
2405.40808 360.15612 147.78624 14.13428
2411.88444 359.45726 146.96980 22.44123
2414.95623 359.15820 142.22141 24.24046
2421.63597 358.68956 145.95094 26.55291
2426.79672 360.93795 141.46580 21.29922
2431.48483 357.80856 141.52783 18.09874
2436.31592 360.98589 145.04850 21.45516
2438.77542 360.70788 142.58465 22.74537
2443.56921 363.26519 141.87249 18.68888
2449.05895 358.96911 147.58286 24.33288
2454.33032 358.44161 143.87669 19.67646
2457.10621 361.04996 145.66343 18.64023
2461.82415 361.68041 143.35430 15.56984
2468.13214 359.68973 142.69782 22.55302
2473.32567 357.81479 143.18330 20.18061
2478.77462 359.90485 139.47002 21.45802
2482.57687 357.61908 147.40598 17.74657
2488.75088 362.78002 144.36401 19.05720
2494.30125 362.02482 143.14844 18.16765
2499.10118 363.14348 144.07797 21.17122
2504.83329 356.99515 145.69758 19.58316
2510.08930 360.44880 145.07958 21.42686
2514.45403 358.97444 138.36860 20.52174
2520.31606 359.04626 143.55829 18.17778
2525.80756 361.44058 144.23422 20.13400
2530.42242 359.08871 142.06950 18.47787
2535.32025 366.17705 145.23295 22.06944
2541.22674 356.99226 142.20124 18.70471
2545.20742 359.55426 147.63915 23.04065
2549.62655 360.44672 141.59374 17.00183
2554.06674 359.36207 142.09197 15.99040
2558.09621 359.20116 142.88657 20.91212
2563.08621 364.34389 146.03090 24.44136
2566.39626 359.25132 143.23006 21.47705
2572.00304 361.32113 143.90022 19.32946
2577.23596 359.88015 147.22252 19.45332
2582.93133 362.01308 142.37327 19.47489
2587.96446 359.17334 142.98752 17.90252
2592.77306 359.60221 144.21307 22.20228
2599.93955 360.99913 146.27740 19.99977
2605.27880 359.27883 142.97683 23.13190
2611.79777 360.88955 143.63090 15.93369
2617.54509 359.27839 141.17513 26.10679
2621.51035 358.56926 143.77901 21.81592
2626.55101 362.26008 146.48544 17.30259
2630.55943 357.95756 145.04819 21.89127
2636.32966 362.13373 143.23356 16.94357
2641.90205 357.30671 143.91642 19.19415
2646.20828 359.10359 146.19268 21.77391
2651.31666 360.30202 144.79089 16.69792
2655.35362 358.08269 144.00373 20.87483
2661.49604 361.67239 144.49037 22.65678
2667.28004 361.15934 144.62105 19.66205
2671.53461 358.75347 140.27714 17.99828
2674.52923 358.10911 143.95270 22.40908
2680.11889 359.73364 143.15379 18.06078
2685.61767 361.25686 141.48014 19.78281
2689.64674 357.63164 141.90678 21.55410
2694.53070 357.64424 148.50009 22.32868
2698.74874 359.80092 144.78569 19.95741
2703.51555 359.13509 145.71699 18.26225
2707.64187 358.55510 144.99676 15.94369
2712.53588 361.82531 141.45655 15.90937
2717.81849 358.80938 146.67673 22.06650
2722.04901 363.60066 144.99235 16.38648
2727.14768 360.44856 146.08428 11.70458
2733.77870 358.80208 140.43458 21.04624
2739.40208 361.44545 146.09633 19.26883
2745.83097 361.00867 141.00078 21.56201
2751.68217 360.53249 144.30984 18.84828
2757.69267 358.50698 143.10528 17.42767
2764.44975 362.04473 142.72299 16.62667
2768.94244 360.54985 143.81603 21.73141
2775.14374 357.74753 144.78479 19.12567
2778.72282 357.43417 146.45263 17.35752
2783.47976 362.26195 144.09539 19.40352
2789.98440 363.15805 140.53580 20.91883
2793.02143 358.21480 145.99865 23.32116
2798.17392 359.85076 143.09757 24.72392
2803.67129 357.02188 141.35079 21.18805
2807.59135 358.52524 144.78791 24.57800
2814.78384 361.21104 144.73201 16.84982
2819.88516 360.86397 145.49447 18.26781
2824.01888 359.04552 143.79992 22.42294
2830.00388 359.79127 144.67081 19.73928
2837.85389 361.78887 144.58025 24.61544
2843.55767 361.41362 145.27333 14.37561
2848.89623 360.43880 146.38665 18.65505
2854.43442 362.23839 146.42214 16.68487
2860.60655 361.35958 144.25960 23.86924
2865.69508 358.07809 142.06408 19.47178
2870.82311 359.43972 142.29246 19.62588
2877.99026 355.84324 145.30058 17.03479
2883.69219 357.65872 142.42056 15.61890
2887.26202 360.22763 143.98592 24.03257
2891.28516 360.86436 145.06105 23.98400
2895.67136 361.72316 142.77965 16.59376
2901.72241 358.55829 145.48705 23.42255
2906.95876 363.77180 144.44334 13.77767
2911.78826 358.49739 143.42331 16.99292
2916.87820 362.82038 145.22522 22.60709
2922.07216 357.69012 143.40024 21.37546
2926.51822 361.68759 140.41743 13.09371
2929.63435 360.18403 142.83279 21.93576
2932.47147 357.53247 141.47667 19.62001
2938.38021 360.71962 147.06571 21.35977
2944.52029 360.28335 143.92183 13.79324
2948.49105 358.27185 138.40759 21.98173
2951.95285 361.17082 146.94224 17.28238
2958.36079 363.43709 145.95507 17.59552
2963.09449 357.51231 144.28196 20.02610
2966.65634 361.47837 144.74463 20.70770
2971.80481 362.00143 141.85907 23.87589
2977.68375 360.57098 145.03316 20.84327
2983.82408 357.17395 147.80448 20.92744
2989.97222 358.94038 141.87988 21.83449
2995.97494 359.92808 147.91381 18.88956
3001.43896 355.61145 141.68965 28.82562
3008.36310 359.96832 141.13240 20.00549
3014.27134 358.67216 145.99044 22.99905
3019.11082 360.80317 148.28163 19.60680
3023.80555 360.31577 141.28167 19.47966
3029.61680 358.37554 145.38883 23.90185
3033.68326 360.74162 144.11320 20.17101
3040.59273 360.70447 144.20058 18.16272
3045.46334 362.47779 142.99315 20.58045
3052.96320 360.89771 142.61575 15.81092
3057.39309 360.84912 146.58075 21.97590
3062.74519 356.49611 145.49523 20.14565
3067.86468 359.10854 142.55553 21.99411
3072.50708 361.78066 142.02016 17.86474
3077.79746 360.00549 143.80329 17.53569
3082.64562 363.52526 147.05392 21.02510
3087.31072 358.75235 145.07145 19.72811
3092.41890 362.52404 144.55297 21.11409
3096.96327 362.46121 145.12236 21.25063
3101.61425 358.80574 145.56344 20.11841
3104.74087 356.81383 145.36584 18.25093
3109.59085 360.47348 141.55672 18.52341
3114.61824 363.69263 144.50548 22.52012
3118.65550 362.21179 141.66806 17.32361
3125.58059 359.38443 144.23747 19.89748
3129.80758 358.63934 141.86840 19.90625
3134.94368 359.16100 144.31296 19.98302
3139.57169 363.26486 142.73015 23.84887
3145.57751 359.97715 145.17179 20.26903
3152.41258 360.02348 143.24527 16.63906
3156.32284 359.17058 143.69553 20.64149
3161.88440 361.69154 139.46935 20.08425
3167.19750 362.43864 143.87356 16.70204
3172.84263 356.63370 147.15905 17.62747
3178.56224 364.83289 139.50670 20.54875
3184.05596 362.95640 145.40193 19.44690
3188.32532 362.31983 146.20795 20.54342
3195.22177 360.25173 142.96285 26.53846
3199.44782 362.60276 145.85437 19.05202
3204.52484 364.13834 144.07733 20.72272
3209.80367 361.44762 146.13414 15.46898
3215.98608 361.11223 143.37837 21.48438
3220.85761 359.32222 142.08099 20.76457
3226.62902 357.97087 145.72116 20.22798
3233.21267 358.88432 144.01150 26.67154
3238.01796 360.00185 143.99040 16.04816
3243.73675 358.45596 144.76988 17.85954
3250.42258 358.74505 145.10463 26.94536
3255.19854 359.98365 146.28643 15.40165
3259.95947 358.75086 143.09863 19.56778
3263.97611 359.41517 144.29271 20.08871
3269.11853 359.93947 143.02367 15.64092
3273.70157 358.17773 141.11642 17.95186
3277.69939 360.15958 143.94822 23.74025
3283.08670 359.01193 141.85418 17.61170
3287.92613 359.55753 141.00066 20.06163
3291.82644 360.65919 144.01732 19.11987
3296.08617 358.49149 141.29865 17.16792
3300.60680 357.80902 141.24168 15.25899
3305.53950 360.51609 142.00385 21.13984
3310.64634 357.74410 141.24012 20.20920
3315.84980 361.59765 140.86286 20.82149
3321.82538 358.92690 145.17665 24.98535
3328.21740 358.85334 144.24291 19.61266
3333.31177 358.84223 146.02785 19.17994
3339.86085 358.80794 142.90432 19.09513
3343.49931 360.60972 145.60145 22.15649
3346.54601 364.49880 148.61710 24.29209
3352.58419 358.04171 144.00166 19.12030
3357.25564 364.66701 144.12625 22.76546
3361.88778 359.01801 143.68659 17.05227
3366.20282 362.90919 143.32859 22.16197
3369.61961 357.83035 144.65065 16.27989
3373.60389 361.07473 141.57531 15.56486
3380.25243 360.70310 143.17592 21.63762
3385.80671 356.19906 141.81775 18.28943
3391.46696 359.20462 147.53377 15.53337
3395.86932 359.79302 144.79779 19.25353
3400.91814 361.63165 143.45893 17.00852
3406.04291 358.08542 143.80378 27.15473
3410.75239 360.94807 141.69152 22.65663
3415.78647 363.18934 142.81067 20.94741
3420.11622 361.79366 144.77510 20.66614
3426.34077 362.03158 141.47972 22.28601
3431.66564 357.08018 141.10965 19.72735
3434.69862 358.63862 142.68116 16.43317
3438.85599 360.36120 143.41558 18.00649
3444.39522 362.43578 146.34046 24.26604
3449.73924 360.94820 146.19029 21.77420
3455.30422 359.74298 147.75077 21.03914
3460.60855 360.60767 144.26918 21.42645
3465.19823 359.44674 140.76223 18.75939
3470.56494 362.40573 141.43180 22.51968
3475.21263 361.53056 141.09680 21.05768
3480.78809 357.68040 143.77033 18.69924
3487.04087 361.38463 142.78683 16.35545
3491.31763 358.88287 144.13282 20.24707
3495.79445 360.60069 145.82722 22.07072
3502.03606 358.99738 144.12799 20.22608
3506.66566 360.35531 144.88728 17.47810
3510.08159 360.44499 143.33125 20.08117
3514.88296 356.36592 143.48666 19.32417
3519.36429 361.77309 144.00856 22.30250
3523.18058 360.20887 142.85466 21.83696
3528.06228 361.21733 145.29443 20.55286
3533.85375 362.53069 144.09590 18.42608
3539.10275 356.45349 143.70986 20.05739
3545.99534 359.04282 144.64841 20.65195
3550.68793 358.96199 144.01670 15.14662
3554.13501 359.98062 144.90787 15.84679
3559.12792 359.83979 142.77970 15.42961
3565.57450 359.38318 141.97942 22.82706
3570.54153 359.92319 143.33807 16.44810
3574.96849 361.79933 144.14652 21.23830
3582.40788 358.24036 143.49355 18.25018
3586.98782 361.11302 143.01237 19.58890
3593.18345 360.10132 141.58119 17.03780
3597.77439 359.78734 146.38834 16.02716
3603.16072 361.26482 143.16611 21.90616
3607.57169 359.01951 146.23520 25.14413
3613.18582 359.27427 142.61831 18.46620
3617.48387 358.41878 144.38194 20.51525
3622.33072 358.90784 143.71965 23.10769
3627.72172 355.75942 141.94328 21.75608
3632.12882 358.73020 140.19403 21.95538
3637.34781 361.24183 146.10545 22.10819
3640.48180 359.48311 143.45752 17.44192
3643.34575 361.35083 144.22770 11.29933
3647.83213 360.03106 147.91744 19.23220
3653.34109 358.17392 149.65346 20.90165
3659.25048 358.96129 141.47217 17.05354
3663.27319 357.89098 144.41364 18.27202
3669.77620 362.45726 143.43015 20.70254
3673.37300 358.05088 145.36561 22.50728
3677.64119 358.16875 142.40484 13.66478
3683.50437 361.46216 145.48091 23.33770
3689.84647 360.20344 143.25345 18.97712
3695.26252 363.39898 142.28786 19.58404
3701.14809 359.30784 144.83240 22.81199
3704.87907 361.14161 145.12225 19.94868
3709.85319 362.25877 143.62151 17.16889
3714.59650 361.22033 142.26956 23.72736
3719.24664 356.34331 142.30714 23.95411
3724.76825 361.78513 143.82172 24.62118
3727.21370 361.74840 140.40340 12.95859
3731.99022 357.84005 142.54298 19.11218
3739.47721 360.39249 143.87014 15.83690
3744.20524 361.05114 142.30118 18.31120
3749.96064 360.87043 142.76254 17.73759
3755.47329 356.97299 141.55356 16.19536
3760.47786 359.96117 147.03753 22.96648
3763.46565 361.32947 146.98385 22.26145
3769.44879 360.61987 144.14373 23.03556
3775.15988 363.07989 145.16751 18.30721
3780.33510 359.29826 144.64142 18.71705
3784.59539 354.90574 141.63399 24.84522
3787.82424 362.14894 143.93540 18.37068
3793.03315 358.44189 142.13672 19.28558
3798.41776 362.03256 144.02509 21.62523
3804.65300 357.62464 146.82592 21.42832
3810.20945 360.07648 144.80738 20.70716
3815.23676 360.87897 143.75957 17.74835
3820.67929 362.14159 149.60734 18.48036
3826.96691 359.96324 139.41450 23.67034
3832.05269 364.86051 143.15747 16.56771
3836.37687 357.44492 145.74063 24.09435
3842.10365 358.44462 141.00338 23.01577
3846.98992 355.38907 143.86359 19.91949
3851.35205 361.46098 143.64530 20.50525
3855.05431 359.62853 142.09026 20.69397
3858.39199 362.17852 144.21733 14.04076
3864.56519 360.89799 143.83542 23.33052
3869.35897 364.32977 145.10844 15.96046
3875.94651 360.33312 144.82227 20.91761
3881.83030 358.60391 141.74721 23.22928
3886.99916 357.26652 146.70912 19.96354
3892.89011 361.18726 145.18922 20.57761
3898.28418 357.86963 146.71400 18.81194
3902.45300 358.86068 145.45998 23.32394
3907.44813 356.54177 145.45804 15.85486
3912.73132 358.41682 145.11337 21.10396
3917.99320 362.93901 144.03680 17.05494
3923.44153 360.02398 146.47403 20.69002
3929.50575 358.46832 143.82378 19.43014
3934.16363 358.50800 142.34001 17.09746
3940.44780 360.68832 144.57801 27.22302
3945.62019 357.41200 143.18106 15.87331
3950.65072 362.74618 142.08363 18.40642
3956.91487 360.32301 145.65328 19.68282
3961.10102 357.17873 147.20243 22.52772
3968.88619 359.45172 142.25195 22.33912
3974.28494 359.22140 146.06292 24.83570
3978.38719 357.34960 143.67288 21.41207
3986.86557 362.17353 143.72709 16.75572
3990.73904 359.20362 143.32418 19.25980
3995.56672 359.62474 138.74957 13.30259
4001.04647 359.07826 145.96141 18.79014
4006.39048 358.17258 146.47012 20.29545
4011.31779 360.44873 142.55092 21.89486
4015.01128 356.90057 141.12935 17.23339
4021.63434 362.71996 144.86043 21.84613
4027.10717 357.85020 144.33523 20.56689
4032.56268 358.72645 143.51005 18.04839
4035.88811 361.96439 144.31952 23.34333
4040.60042 361.06233 147.08052 20.57370
4045.38480 362.74287 141.96888 18.37427
4050.68810 357.10083 144.79972 18.22496
4054.89396 357.87001 141.36394 21.85385
4059.25987 358.46679 145.88733 22.31724
4062.38107 359.84355 144.35981 21.07836
4066.13023 361.29396 144.22114 25.88875
4070.12835 359.80977 146.97560 21.86738
4073.85461 361.37796 148.13360 19.10748
4077.09346 361.91778 143.85259 18.68244
4081.51599 363.24722 145.60954 22.12474
4087.62484 357.94737 145.34629 20.82940
4092.82862 362.41216 141.37924 20.70091
4096.90943 357.43645 142.69542 25.13236
4102.46856 358.22724 142.42902 20.46943
4106.60104 357.92808 142.09356 21.26106
4111.54700 358.91930 142.14919 21.54748
4115.50678 364.36627 143.38912 16.66394
4117.96905 359.89331 144.23512 19.51585
4123.50412 357.95134 145.30032 19.09756
4128.51487 363.09343 146.39206 18.72857
4136.36779 360.49087 143.07274 18.68789
4142.25747 360.00656 144.11609 21.97518