10317.02
390
148
0.80
0.80
0.80
0.80
0.80
0.80
0.80
0.80
0.80
0.80
0.80
0.80
0.80
0.80
0.80
0.80
0.80
0.80
0.80
0.80
0.80
0.80
0.80
0.80
0.80
0.77
0.80
0.80
0.80
0.77
0.77
0.77
0.77
0.77
0.77
0.77
0.95
0.96
0.96
0.96
0.95
0.96
0.95
0.95
0.95
0.95
0.95
0.95
503.81
503.86
505.66
504.36
504.48
508.20
502.40
503.78
501.82
503.57
505.52
505.79
759.31
635.02
779.82
731.60
721.44
762.32
588.24
699.74
588.04
557.16
566.70
670.83
687.78
524.99
515.31
685.88
692.20
511.46
514.21
545.65
664.64
657.06
504.28
502.04
746.34
9401.56
745.05
904.08
762.90
777.55
1325.87
9540.96
746.00
1288.99
986.56
1013.04
686.29
883.87
687.68
959.78
706.93
681.75
684.07
710.48
680.08
1997.14
822.20
836.90
817.38
806.60
8990.87
932.19
751.71
774.37
902.86
731.13
748.85
906.09
725.16
724.57
849.27
8780.66
851.10
9490.26
892.89
9524.63
846.53
1152.61
853.54
859.52
1092.45
9765.71
943.17
9599.24
1092.52
954.92
9839.61
1089.14
904.75
1047.56
888.26
1032.07
9408.59
1015.21
901.51
1062.57
874.88
856.87
914.04
870.86
873.33
9356.00
9495.47
1001.74
875.27
861.31
1014.19
1285.61
1137.30
8605.02
1075.60
9595.14
1061.18
1348.68
1058.95
9126.75
1198.29
1320.35
1211.61
1198.71
1215.36
1021.88
1019.38
1038.73
1027.81
1288.07
1192.85
1013.76
1016.58
1022.20
9380.70
1023.20
9380.48
1096.66
1088.55
1121.22
1088.10
9052.52
1098.11
1076.08
1217.65
1545.98
8899.48
1523.52
1194.84
1230.15
1229.39
9151.17
1194.32
1192.92
1190.26
1192.09
9081.70
1291.93
1453.59
1187.48
1277.62
1304.32
1260.05
1284.69
1285.97
1399.33
1287.98
1380.87
1404.53
1406.23
1223.32
1214.69
1404.48
8994.47
1355.92
8300.46
1335.02
1327.64
1213.43
1235.30
9297.18
1222.61
2064.86
1602.93
1639.70
1433.30
8352.81
1623.47
1592.84
1446.13
1611.24
1554.85
8779.29
1393.84
1394.67
1393.93
1670.12
1549.31
1384.95
1660.75
1948.40
1390.14
1981.04
1386.01
1393.24
1395.10
1387.61
1384.39
8999.75
9164.17
1939.91
1499.49
1449.14
1440.57
1433.29
1469.01
8916.25
8224.61
1563.10
1558.78
1585.87
1566.32
9090.16
1569.41
1596.68
8908.94
1564.21
1572.58
1574.59
1570.44
1711.84
1831.34
1815.92
8286.17
1779.97
1628.56
1825.02
1681.10
1760.51
1750.92
1657.83
1601.87
1595.79
1742.10
8377.30
8241.53
8679.79
1581.12
1576.27
1617.79
1590.86
1581.23
1585.94
8758.69
1746.85
1864.04
1829.88
1986.44
1817.10
1956.41
2094.75
1945.69
1818.95
1938.70
1785.68
1771.44
3127.02
1774.49
2392.46
8968.03
1805.23
1927.72
1939.60
2336.54
7669.40
1761.52
1907.47
7960.65
1754.55
1756.34
1758.72
1887.70
7750.12
8176.19
1885.21
1814.95
1825.82
1845.49
2585.75
8001.67
1937.70
1928.71
1938.94
1929.82
1945.09
1965.43
2638.30
2112.72
1932.97
1932.07
1937.87
1925.21
2196.28
1936.13
2017.14
2162.41
2199.46
2147.11
1999.18
2037.72
2010.29
1965.86
2159.80
1964.90
1988.98
1962.17
1989.68
2088.10
1987.12
2069.79
2102.88
7590.25
2068.39
1934.27
8007.82
7382.26
2098.37
2792.22
2182.90
7239.42
2167.54
7784.45
7618.03
7231.94
7489.39
2740.40
2423.88
2317.61
2120.38
2170.85
2115.02
2112.71
2734.68
2296.52
2141.51
2118.81
2120.01
2112.01
2130.17
8043.95
8425.25
2260.22
2210.59
2109.93
7290.89
2187.61
2183.58
2199.86
2166.75
2195.99
2186.55
2155.62
7342.38
2285.06
2288.30
2288.29
2298.84
7220.80
2294.06
2295.56
6918.28
2299.76
7862.96
2293.46
2291.76
2571.99
2284.53
2416.75
2509.20
2360.60
2504.83
2369.60
2373.30
8014.50
2338.64
2372.73
2471.46
2311.04
6953.69
2481.11
7949.88
2299.41
2432.11
2295.05
2338.88
2302.64
2325.13
2415.20
2462.11
2846.69
2539.57
2587.83
7494.63
2718.95
2691.77
2552.19
2516.48
2520.46
2508.83
2497.92
2682.50
3114.61
2660.46
2503.20
4542.88
3096.07
2490.35
2610.03
2611.52
2622.51
2494.23
2587.13
7913.51
2621.66
2572.02
2466.90
2463.71
7440.36
3028.90
2694.75
6767.53
7600.47
2581.89
2535.14
2660.82
2664.20
2654.81
7404.45
2666.72
2962.65
2654.95
2672.12
2658.35
2809.88
2659.62
2894.74
2649.53
7518.51
2641.11
2739.55
2882.50
2867.35
2712.52
7041.40
2727.96
2860.48
2884.03
2832.73
2687.26
2688.49
2668.20
2712.34
2706.77
2827.02
6553.00
2699.37
2794.87
2658.75
2670.49
6864.84
6511.36
2949.80
2900.82
7407.41
3043.91
3032.44
2900.37
3167.19
7647.85
2880.09
2860.72
2850.18
2890.67
3444.02
2882.16
2843.83
3119.70
2830.29
3002.27
3397.20
7156.63
2837.33
2965.42
2833.95
3416.33
2973.08
3381.01
2924.33
2957.99
2909.75
2915.89
3341.87
2923.89
3327.77
2881.73
2919.45
3019.49
6307.74
6785.18
3004.63
3010.90
3007.18
3034.72
3008.73
3009.14
3304.61
3008.04
3008.16
2998.37
6822.66
3086.36
3096.26
3684.61
3088.07
6241.47
3209.78
3085.95
6350.84
3092.30
3046.27
3181.24
3216.40
3034.12
3210.52
3063.97
3044.33
3021.59
3052.76
3159.97
6657.15
6738.43
3029.67
6463.34
7589.87
3294.59
3423.55
3258.65
3420.99
3429.00
6275.95
3237.06
3389.53
3514.28
3366.61
3243.12
3207.29
3193.45
3213.19
3188.88
6086.06
3360.51
3177.97
3213.58
3182.04
7188.63
3330.60
6164.39
3174.29
3280.85
3273.46
5898.73
6732.50
3248.34
3250.24
6147.96
3244.07
7262.57
5963.43
3363.95
3365.61
7258.77
3354.73
3354.80
3358.78
7214.11
3352.87
3375.38
3367.09
3353.86
3506.64
3356.74
3494.69
3475.14
3449.07
3610.90
3421.08
3566.03
3418.99
3568.75
3565.89
3400.13
3540.18
3565.12
3520.05
6442.33
3382.19
3512.99
3362.38
3540.08
3538.38
3365.77
3496.80
3369.09
3373.61
3762.85
3903.71
3793.26
3604.28
4214.38
3767.62
3746.93
3743.44
3568.67
3589.29
5873.74
3563.11
3701.20
5761.38
4150.54
3545.06
3717.95
3545.74
3521.60
3707.68
3556.77
6531.18
3533.10
3528.10
3635.92
3523.39
6091.62
3765.50
3510.86
6496.06
3632.23
3599.75
6343.86
3731.14
3574.49
4036.02
3705.27
3714.74
4045.74
6569.19
3714.85
3723.79
3717.20
3700.09
3718.88
3961.68
3955.60
3704.11
3709.20
3941.35
3791.71
5395.56
3786.36
5838.48
6252.13
3795.98
3922.74
6249.81
3897.18
5383.78
3730.95
3737.50
3761.46
3780.41
3723.59
3846.44
5710.14
3872.66
3722.33
3718.37
3740.05
3730.76
3870.92
3948.97
3961.35
4145.34
5699.38
3985.85
3943.97
4095.29
4245.18
4086.75
4105.77
3917.70
3914.67
3940.62
4173.50
4067.86
3907.20
6351.92
5930.02
6181.50
3887.92
5493.76
3888.28
4143.75
4024.71
5173.72
5735.04
3881.83
3874.78
4014.42
3966.66
3940.93
3952.07
3945.13
3945.32
4406.98
6672.36
4079.88
4073.57
4395.32
4065.28
4070.98
4068.82
6493.84
4073.67
4302.40
4067.68
4069.81
4067.85
4341.52
4155.38
4149.97
4145.21
6466.45
4183.28
5754.27
4270.80
4288.67
5548.31
4127.31
4125.71
4103.25
4257.80
4233.52
4064.39
4226.09
4120.06
4097.45
4099.35
4097.54
4217.70
4198.91
4227.72
5219.40
4301.61
4318.49
4480.09
4452.88
4334.49
6213.95
4293.13
5483.32
4301.83
4274.92
4437.76
4411.68
4449.59
4256.93
5567.65
4265.32
4838.12
4277.72
4411.14
4818.00
4242.76
5524.34
4496.00
4378.29
4237.47
4227.93
4309.76
4322.98
4932.20
4351.16
6175.37
4428.96
4317.86
4287.98
4716.78
4422.53
4421.46
4700.75
4409.80
4430.73
4421.35
4683.88
4413.55
4421.83
4422.62
4419.99
4424.72
4559.28
4655.56
4508.25
4524.45
4516.99
4475.79
4511.29
4484.06
4477.25
4903.10
4507.35
4507.91
4512.73
4579.41
4447.54

10400.67
390
13
13
13
14
14
13
14
13
13
13
13
13
0.80
0.80
0.80
0.80
0.80
0.80
0.79
0.80
0.80
0.80
0.80
0.80
0.80
0.80
0.80
0.80
0.80
0.80
0.80
0.79
0.80
0.80
0.80
0.80
0.80
0.76
0.80
0.80
0.79
0.76
0.76
0.76
0.76
0.76
0.76
0.76
0.95
0.96
0.96
0.96
0.96
0.96
0.96
0.95
0.94
0.94
0.91
0.91
503.81
786.60
636.28
504.36
786.20
638.27
502.40
641.67
780.28
503.57
786.84
635.69
502.33
642.40
783.17
505.04
642.81
786.09
509.62
791.32
640.81
506.92
646.49
781.42
503.70
787.15
638.97
505.34
790.55
639.72
502.54
638.58
780.57
506.76
643.46
780.41
750.43
9371.22
878.63
1031.33
737.50
878.10
886.62
1027.85
731.96
1025.11
734.71
871.62
743.27
1028.67
875.55
1189.42
895.43
745.06
897.32
1326.04
745.75
1034.06
741.03
882.67
894.90
744.73
1603.11
1913.59
746.92
889.12
1181.33
744.70
885.52
1037.40
743.57
880.58
849.77
1130.52
980.93
1563.05
1130.67
9790.46
973.78
1137.83
984.90
984.93
1126.82
9935.48
993.07
9936.44
1128.38
858.76
9787.07
1137.80
850.72
1993.18
986.24
1126.84
9620.44
974.51
848.28
1126.00
977.52
855.08
1140.88
990.22
847.49
1130.88
9480.52
1571.02
1133.06
985.23
1090.26
1371.65
1221.60
1233.31
1083.24
9574.75
1099.71
2390.15
1234.80
1668.20
1082.32
1218.96
1235.70
1085.70
3101.18
1101.52
1240.30
1664.73
1095.60
1945.67
1228.36
1224.95
1364.28
1070.93
1371.84
1078.41
9430.87
1239.86
1092.27
1373.99
1089.49
1369.22
1223.11
1088.48
1228.10
1946.38
8956.31
1472.70
1321.16
1329.72
1469.87
8674.34
1204.26
1342.58
1479.35
1193.57
9274.59
1345.12
1319.90
1191.58
1351.46
1468.96
1199.98
1202.92
1343.68
2198.07
1474.76
1333.49
1473.74
5507.04
1480.39
1331.62
2193.97
9131.26
1491.97
1915.04
2932.03
1484.11
1335.03
1490.53
9129.97
1336.49
4473.36
1439.68
1581.81
1440.77
1722.09
1573.97
1596.08
1449.37
1876.73
1592.58
8952.44
1459.86
1436.37
1591.97
4931.26
1725.77
1459.78
1740.26
2455.73
1591.56
8078.26
1740.65
1448.28
1584.99
1452.95
1592.11
8930.46
9245.41
1596.52
1453.17
2031.90
1452.30
1590.46
1459.28
8377.37
1735.08
1563.64
1845.31
1699.93
1844.38
9186.02
1689.66
2869.62
9200.28
1560.66
1568.21
1707.11
1865.27
1717.10
1838.63
8633.04
8502.38
1577.37
1713.68
8200.56
1708.98
1843.54
2574.07
1855.46
1703.32
1570.87
1709.58
8185.04
1867.81
8928.75
1717.34
1572.83
2295.24
1708.81
1720.22
1862.80
8351.55
2405.97
1965.78
1818.92
1967.71
1820.21
2126.77
2095.79
1973.37
1824.74
1979.81
1830.69
1837.81
8173.62
1974.56
8320.22
9046.94
1838.38
1828.15
1968.40
1965.66
7873.03
1827.65
1964.98
8150.44
1966.89
2107.93
1815.01
1832.92
1972.16
8458.06
2270.35
1828.79
1971.25
1835.72
1973.76
2400.75
2367.52
1929.36
2069.50
2648.76
2068.88
2206.37
2373.35
2222.42
2071.72
1941.39
2079.31
1944.48
8000.68
2211.09
2076.49
1952.85
2232.48
2950.71
2075.11
2215.65
2064.89
1927.30
2649.21
2062.29
2210.57
2065.17
1941.84
2342.42
2074.42
2216.36
5394.77
7972.61
3223.45
1932.98
7552.70
2064.63
2322.05
2462.85
2320.60
7188.47
2166.67
8384.45
7344.54
7796.51
8078.82
2762.23
2326.14
2626.29
2189.30
2165.93
2323.41
2332.14
7239.20
3486.85
2325.21
2179.05
2170.41
2178.75
2320.07
8219.17
8521.72
2320.15
2490.15
2193.03
2732.79
2336.80
2324.20
2760.96
2178.18
2467.62
2321.29
2175.28
7313.66
2427.70
2431.84
2562.57
2566.76
4729.24
2301.08
2443.41
2580.92
2303.20
8230.33
2435.41
2590.47
7481.21
2291.36
2302.34
2588.98
2294.27
5471.54
2429.01
2420.27
8331.75
2436.34
2296.66
2569.16
2428.34
7210.37
2603.00
7749.89
2307.14
2438.14
2439.77
2726.19
2433.45
2568.95
2997.83
3122.78
2682.45
2545.86
2525.57
7289.28
3137.61
2670.64
2697.04
2699.88
2544.30
2567.59
2541.47
3134.14
3826.40
2690.59
2557.50
7315.20
5587.58
2551.87
2694.32
2686.82
2842.10
2547.58
2688.27
7735.72
2680.44
2718.62
2565.36
2519.56
7592.45
6730.38
4567.76
7150.45
7172.80
2682.68
2533.13
2653.01
2794.16
2653.01
7231.56
2931.24
4396.98
2776.85
2660.72
2666.90
2798.47
2820.24
2938.76
2665.18
7998.23
2777.33
2668.74
2954.57
2804.52
2654.83
7404.33
2787.62
2936.62
3940.43
2652.09
2779.16
2790.99
2675.97
2923.42
2808.23
2950.67
2950.07
2655.22
2791.60
2789.38
2930.70
3647.36
3762.98
2894.60
2900.31
7477.58
3178.61
3063.24
3022.11
3486.41
7822.18
2894.58
2897.15
2914.00
3479.51
3022.15
3044.37
2915.90
3052.98
2910.41
3049.02
3480.87
7359.84
2895.72
2909.37
3024.55
3168.15
3328.01
4076.75
2924.96
3023.56
2911.15
3047.97
3766.18
3039.66
3177.48
2888.31
3024.60
3009.15
3289.21
6605.37
3139.15
3145.60
3029.03
3280.59
3165.41
3013.08
6310.01
3147.45
4749.77
3159.56
7179.80
3004.32
3018.82
5325.70
3017.84
5460.78
3150.41
3140.31
6600.15
3017.05
3133.72
3272.56
5011.62
3031.85
3279.80
3310.74
3017.73
3160.35
3153.41
3294.36
3728.58
6184.62
3136.76
6556.45
7416.82
3259.25
3245.53
3282.01
3385.65
3522.75
6851.13
3407.75
3397.48
6435.16
6004.65
3399.95
3239.85
3251.23
3414.38
3269.10
6148.04
3407.38
3257.76
3674.59
3266.64
7557.11
3237.33
6543.45
3388.15
3416.72
3520.23
6136.13
6848.66
3253.08
3251.66
6551.00
3246.08
6859.42
3379.43
3352.37
3633.41
7098.23
3482.45
3520.04
3489.12
6797.41
3362.54
6379.52
3650.42
3357.88
3660.86
3491.03
3505.09
3353.92
3369.95
4809.79
3367.52
3647.72
3500.68
3633.77
4086.58
3489.52
3629.56
4054.66
3635.16
6533.59
3480.24
3365.16
3361.19
3640.57
6081.84
3493.46
3927.60
3633.47
3484.38
3743.94
4171.20
3889.96
3585.37
6065.87
3732.41
3583.95
3749.20
3600.25
3608.38
6495.56
3614.89
3748.80
6780.90
3728.27
3757.90
4041.14
3756.93
3603.82
4034.84
3592.43
6619.18
3753.12
3584.47
3724.42
3623.87
5885.44
4185.72
3575.31
6623.44
3740.23
3598.97
5771.06
5742.14
3592.14
3873.68
3698.63
3838.74
4413.79
6697.27
3865.78
3971.01
3824.56
3707.49
3987.35
3859.43
3995.79
3703.22
3712.76
5579.54
3846.17
5883.72
3713.59
6163.81
6880.02
3708.18
3995.06
6168.78
3974.12
5705.75
3833.01
3731.12
3868.90
3976.53
3825.53
3716.07
6009.24
3998.63
3849.68
3853.22
4574.55
3986.62
4092.93
3946.80
4093.37
4221.11
5384.31
3968.38
3931.69
4101.79
5536.19
4112.91
5552.55
3960.29
3969.38
4109.79
5837.22
4118.75
3979.50
6415.00
6414.04
6837.27
3957.27
5408.92
3939.17
4226.95
4078.87
5275.64
5672.07
3969.46
3935.31
4539.67
4099.52
3958.88
4107.55
4089.27
3955.98
5115.22
6644.84
4201.99
4206.19
4332.04
4373.58
4333.18
4075.82
6206.69
4084.97
4202.60
4360.62
4366.12
4208.71
4386.02
4207.84
4060.92
4086.57
6378.88
4221.89
6372.57
5219.01
4075.96
5775.62
4195.91
4339.91
4233.33
4340.57
4190.22
4074.04
4941.92
4351.89
4067.01
4077.45
4200.02
4797.00
4358.78
4303.74
5157.83
4312.32
4429.60
4475.82
4441.00
4323.89
5739.61
4335.15
6035.68
4468.59
4327.18
5036.95
4461.31
5328.69
4338.88
5915.82
4473.71
4469.63
4320.14
4317.69
5167.76
4319.86
5737.23
4438.63
4480.86
4331.02
4579.73
4432.08
4318.14
5314.39
4449.11
5909.56
4584.76
4462.09
4310.69
4397.83
4536.06
4409.58
4668.65
4431.24
4543.16
4709.60
4677.87
4577.98
4553.76
4714.86
4432.29
4421.39
5006.41
4736.73
4562.52
4588.04
4434.99
4433.41
4715.62
4424.78
4558.42
4720.62
4557.64
4697.41
4455.65
4590.87
4550.48