1331.30
49
20
0.81
0.80
0.81
0.73
0.73
0.73
0.72
0.80
0.72
0.72
0.72
0.72
0.90
0.91
0.89
0.88
166.57
163.56
165.04
169.89
256.94
235.42
181.29
198.93
226.61
179.99
172.40
217.56
252.90
835.10
345.04
242.82
232.73
811.99
267.03
232.31
261.07
256.38
295.34
261.03
289.97
1188.49
293.78
320.66
328.68
357.50
354.52
302.36
293.57
350.51
337.82
1043.47
376.51
426.82
1079.10
354.09
404.30
351.96
439.94
346.15
427.17
381.76
371.19
656.12
512.09
408.57
411.58
440.66
489.91
1047.12
484.32
432.99
464.00
416.03
409.58
987.94
502.01
485.80
489.72
921.19
529.29
523.74
518.72
468.54
930.03
492.88
917.97
868.77
526.75
858.03
572.77
610.56
601.74
947.02
543.11
548.99
918.52
535.85
585.98
573.34
721.33
704.26
606.40
744.97
598.68
594.46
593.40
735.78
624.51
622.23
622.76
606.51
650.23
647.46
690.28
679.29

1404.49
49
6
6
5
6
0.77
0.76
0.77
0.69
0.69
0.69
0.68
0.76
0.68
0.69
0.68
0.68
0.92
0.82
0.84
0.82
166.57
206.46
247.78
169.89
257.72
209.04
162.57
206.60
243.70
168.35
216.76
261.92
249.99
343.76
288.71
299.60
246.26
338.92
290.70
236.64
330.29
252.59
345.46
291.33
380.94
1280.95
321.81
337.77
377.51
607.96
601.69
365.38
314.58
390.74
339.09
713.93
371.07
416.97
1171.56
463.91
413.55
361.84
449.24
350.98
394.69
430.27
377.35
560.22
508.35
407.30
448.78
453.36
639.90
964.53
964.81
433.50
571.79
419.80
462.05
1022.37
591.19
488.33
530.71
871.11
529.28
479.44
570.27
468.53
945.04
498.55
919.89
870.69
623.32
950.50
564.76
618.26
613.74
895.97
556.30
552.38
933.53
536.58
627.95
571.56
800.42
655.05
606.23
709.46
654.13
601.36
594.52
685.70
635.27
668.00
712.20
607.58
646.99
687.07
779.69
692.42