12
100
0 118.21297 48.35445 24.15428
3.61649 120.04970 43.50546 22.01465
9.06180 118.26390 46.77137 21.28008
15.14333 119.57246 50.32000 22.34876
20.51365 121.23165 44.86040 14.78805
24.33188 123.19909 48.33568 18.27345
30.13362 117.71482 44.85175 23.83582
33.66517 117.60063 47.56219 19.13804
38.08887 121.72937 41.52772 17.27495
43.18633 119.27409 49.07602 19.73868
45.82904 120.43228 51.05656 22.42691
50.55484 121.20748 49.88613 18.09957
55.40171 121.69296 48.54570 20.20493
61.00081 120.96210 48.69854 16.17347
67.35179 121.04606 50.67088 18.43300
73.44626 123.03962 48.15369 18.57183
78.63015 120.76193 46.65642 19.01444
83.75241 120.57175 49.62720 16.19523
89.87092 121.36406 48.60204 25.44909
95.33143 118.86285 50.18346 26.06263
100.17823 117.21977 49.89554 21.28099
105.35029 117.64350 45.45731 21.15075
110.22051 120.00887 48.65984 18.83422
115.69254 118.81928 49.08449 20.42864
119.49700 118.55369 48.21482 18.44167
123.53384 115.42329 42.89298 14.19019
130.40851 119.87871 47.45941 24.63128
135.25914 119.59139 50.35520 21.32205
140.68541 123.09452 45.17558 21.03825
145.77688 118.96131 47.35612 20.91978
151.35047 121.04627 48.35048 19.70166
155.15867 119.52618 45.12724 21.13151
160.83438 119.76103 44.94174 21.16685
165.20105 121.08268 46.34882 18.45142
170.49512 121.01119 53.90899 20.95930
175.76438 121.13549 47.70069 16.12830
180.59884 120.64643 51.23788 22.04281
185.59118 117.61724 50.89041 20.44188
190.02812 118.29983 47.60006 14.82551
195.68087 124.55074 46.50122 22.58982
199.53368 121.43430 46.71802 22.61383
204.52622 120.28624 48.16697 22.64069
209.90262 121.31387 44.73820 19.78058
215.37185 121.63431 45.80960 24.09874
219.71354 118.34910 48.05490 20.27028
223.33912 123.09418 48.61530 23.70537
227.64255 121.85960 49.05740 26.43190
232.84583 117.97151 43.20201 16.90376
236.83944 118.76319 49.35035 17.54486
242.31496 121.34778 47.05122 23.19202
247.06373 122.80074 46.22873 24.69736
253.02565 122.18119 46.79623 22.90222
259.23243 117.70765 51.74628 17.58407
265.53801 124.96755 46.29718 14.21029
269.43781 115.41904 49.57403 16.90544
271.18863 117.98825 45.54226 22.10483
278.66756 120.72086 48.98496 19.10286
283.54925 122.64028 49.73992 24.22476
287.80955 117.23589 46.51217 22.36062
293.18782 120.47133 47.27630 14.25799
296.89905 117.06234 49.76791 20.91615
301.59372 123.25413 44.72783 22.05031
307.61583 121.41625 48.40196 22.05012
312.65515 120.67396 47.72465 15.43514
318.10644 120.37215 45.83582 18.25609
322.02902 115.60582 48.43445 20.07672
327.39118 117.23407 47.20682 18.33206
333.02112 121.03146 47.80861 20.67830
338.47148 121.52022 49.26601 14.87987
343.43617 122.52701 48.92461 20.35580
348.39259 121.99771 44.10504 14.76190
353.48727 118.03508 46.02213 15.66210
357.72202 122.34390 48.15103 18.81292
363.49542 117.02799 48.34223 16.02252
368.13342 122.22777 44.80314 19.77695
373.91572 119.39206 46.07581 18.23823
379.47929 117.11550 48.30893 18.95852
384.27760 122.88850 50.17934 13.81902
389.80068 118.24297 48.43690 22.67754
392.53744 118.07187 45.78557 19.83670
397.22032 122.52572 47.23883 14.19861
402.54398 118.07069 49.43098 22.74628
406.11408 117.82747 50.56882 17.16146
411.93398 120.83571 44.37384 18.11283
417.19900 119.75187 49.81013 18.29925
420.28285 119.59848 45.49675 19.74208
423.60287 119.41764 48.78715 22.02470
428.21982 116.91312 47.87636 18.04079
434.31914 120.80055 48.52522 20.87640
439.40566 119.88025 48.58703 22.50294
445.39945 118.70747 46.69952 25.58921
450.34513 120.57193 47.59341 17.75332
454.53685 120.02769 49.04292 23.53730
460.23639 118.77383 48.60153 22.26013
465.95785 118.56830 49.92314 20.63095
472.05501 117.19663 45.56721 22.62039
475.08416 119.61429 46.74494 20.05018
480.74006 121.10130 45.74054 21.20153
485.95487 119.05936 48.02623 17.96812
492.24702 116.47452 46.99062 21.45600